 RECTANGULAR fault MODEL

All subfaults are   6.0 km long along strike and
 11.0 km wide along dip

Model length along strike is   54.0 km

Model width along dip is   55.0 km

 Corners of the rectangular dislocation model (lat, lon):
    52.129  -168.902 : corner 1
    51.955  -169.644 : corner 2
    52.387  -169.915 : corner 3
    52.561  -169.173 : corner 4


 Number of elementary moment rate
 isoceles triangular functions
 per subfault:            4

 Half duration of elementary moment rate
 isoceles triangular functions (s):    1.66999996    

 seismic moment rate unit: dyne.cm
 (1 dyne.cm = 10E-7 N.m)


 Seismic moment is converted into slip
 using a single constant value for the
shear modulus mu of  0.250E+12 dyne/cm2
 assumed to be constant and characteristic
 of the fault shear zone


 "Lat, lon, depth" below are the coord                          in degrees of the subfaults centers

 "rake" (degrees) is the slip angle (Aki"s convention,
 e.g. rake=+45 means left-lateral-reverse movement.

 "ontime" is the rupture onset time in seconds of the subfault.

 amp1, amp2, amp3 and amp4 are the amplitudes
 of the isoceles triangular functions representing
 the moment rate function. Triangles are
 overlapping each other by half

 ************************************************
 Total seismic moment M0=    1.66445225E+25  dyne.cm
 ************************************************

 ================================================

      Lat     Lon      depth(km) strike    dip    rake  ontime       slip(cm)  amp1(dyne.cm/s) amp2(dyne.cm/s) amp3(dyne.cm/s)         	amp4(dyne.cm/s)       M0_subf

    52.258  -169.409    28.600   249.0    21.0    66.0   0.0         12      0.103410E+25      0.145220E+24      0.312660E+23      0.163800E+23         0.204903E+25 : hypocenter
    52.489  -169.270    36.484   249.0    21.0    60.7   8.1          0      0.109800E+23      0.100260E+23      0.102350E+23      0.847340E+22         0.663230E+23
    52.469  -169.352    36.484   249.0    21.0    60.4   7.9          0      0.787090E+22      0.116820E+23      0.122620E+23      0.856280E+22         0.674308E+23
    52.450  -169.435    36.484   249.0    21.0    78.0   7.0          0      0.991700E+22      0.105120E+23      0.113960E+23      0.871050E+22         0.676943E+23
    52.431  -169.517    36.484   249.0    21.0   149.7   7.4          0      0.835640E+22      0.963190E+22      0.100140E+23      0.104220E+23         0.641686E+23
    52.411  -169.600    36.484   249.0    21.0   149.3   7.2          0      0.889950E+22      0.107190E+23      0.779580E+22      0.919040E+22         0.611298E+23
    52.392  -169.682    36.484   249.0    21.0   149.9   7.2          0      0.891970E+22      0.986130E+22      0.103940E+23      0.128170E+23         0.701266E+23
    52.373  -169.764    36.484   249.0    21.0    60.0   8.1          0      0.696300E+20      0.696300E+20      0.696300E+20      0.696300E+20         0.465128E+21
    52.353  -169.847    36.484   249.0    21.0    60.0   8.1          0      0.696300E+20      0.696300E+20      0.696300E+20      0.696300E+20         0.465128E+21
    52.422  -169.133    32.542   249.0    21.0    60.0   7.5          0      0.696300E+20      0.696300E+20      0.696300E+20      0.696300E+20         0.465128E+21
    52.402  -169.216    32.542   249.0    21.0   112.5   6.0          0      0.153210E+23      0.108450E+23      0.102490E+23      0.986500E+22         0.772876E+23
    52.383  -169.298    32.542   249.0    21.0    60.4   5.2          0      0.114360E+23      0.131150E+23      0.100690E+23      0.851120E+22         0.720291E+23
    52.364  -169.381    32.542   249.0    21.0   101.3   3.6          0      0.115310E+23      0.113930E+23      0.108550E+23      0.864520E+22         0.708484E+23
    52.344  -169.463    32.542   249.0    21.0   112.9   3.6          0      0.170870E+23      0.119360E+23      0.102310E+23      0.914160E+22         0.808207E+23
    52.325  -169.545    32.542   249.0    21.0   147.7   3.6          0      0.973370E+22      0.872700E+22      0.105070E+23      0.118120E+23         0.681021E+23
    52.306  -169.628    32.542   249.0    21.0   149.4   6.9          0      0.889650E+22      0.868670E+22      0.813020E+22      0.100620E+23         0.597449E+23
    52.286  -169.710    32.542   249.0    21.0    60.0   6.0          0      0.696300E+20      0.696300E+20      0.696300E+20      0.696300E+20         0.465128E+21
    52.267  -169.793    32.542   249.0    21.0    60.0   7.5          0      0.696300E+20      0.696300E+20      0.696300E+20      0.696300E+20         0.465128E+21
    52.335  -169.079    28.600   249.0    21.0    60.0   6.9          0      0.696300E+20      0.696300E+20      0.696300E+20      0.696300E+20         0.465128E+21
    52.316  -169.161    28.600   249.0    21.0    79.3   5.3          0      0.838850E+22      0.148750E+23      0.925020E+22      0.101940E+23         0.713219E+23
    52.297  -169.244    28.600   249.0    21.0   144.1   3.7         17      0.166470E+25      0.907570E+22      0.116290E+23      0.123670E+23         0.283528E+25
    52.277  -169.326    28.600   249.0    21.0    85.8   2.1          1      0.304790E+23      0.510130E+23      0.146770E+23      0.106890E+23         0.178453E+24
    52.508  -169.187    36.484   249.0    21.0    60.0   8.1          0      0.696300E+20      0.696300E+20      0.696300E+20      0.696300E+20         0.465128E+21
    52.239  -169.491    28.600   249.0    21.0   129.2   2.4          1      0.141010E+23      0.177750E+23      0.178610E+23      0.100460E+23         0.998376E+23
    52.219  -169.574    28.600   249.0    21.0    99.3   3.5          1      0.105310E+23      0.167870E+23      0.175990E+23      0.997640E+22         0.916720E+23
    52.200  -169.656    28.600   249.0    21.0    60.0   5.1          0      0.696300E+20      0.696300E+20      0.696300E+20      0.696300E+20         0.465128E+21
    52.180  -169.739    28.600   249.0    21.0    60.0   6.9          0      0.696300E+20      0.696300E+20      0.696300E+20      0.696300E+20         0.465128E+21
    52.249  -169.025    24.658   249.0    21.0    60.0   7.5          0      0.696300E+20      0.696300E+20      0.696300E+20      0.696300E+20         0.465128E+21
    52.230  -169.107    24.658   249.0    21.0    60.4   6.0          5      0.498620E+24      0.153770E+23      0.105480E+23      0.938660E+22         0.891666E+24
    52.210  -169.190    24.658   249.0    21.0    93.1   5.0          2      0.155340E+24      0.441990E+23      0.858890E+22      0.101550E+23         0.364532E+24
    52.191  -169.272    24.658   249.0    21.0    92.0   3.7         12      0.111790E+25      0.698240E+23      0.190290E+23      0.120610E+23         0.203542E+25
    52.172  -169.355    24.658   249.0    21.0    83.3   3.2         18      0.178560E+25      0.139340E+23      0.115590E+23      0.876630E+22         0.303917E+25
    52.152  -169.437    24.658   249.0    21.0   114.7   3.8         12      0.112610E+25      0.158920E+23      0.126190E+23      0.133800E+23         0.195055E+25
    52.133  -169.520    24.658   249.0    21.0   149.4   5.2          4      0.153140E+24      0.255430E+24      0.112500E+23      0.943760E+22         0.716860E+24
    52.113  -169.602    24.658   249.0    21.0    60.0   6.0          0      0.696300E+20      0.696300E+20      0.696300E+20      0.696300E+20         0.465128E+21
    52.094  -169.684    24.658   249.0    21.0    60.0   7.5          0      0.696300E+20      0.696300E+20      0.696300E+20      0.696300E+20         0.465128E+21
    52.163  -168.971    20.716   249.0    21.0    60.0   8.1          0      0.696300E+20      0.696300E+20      0.696300E+20      0.696300E+20         0.465128E+21
    52.143  -169.053    20.716   249.0    21.0    97.1   8.1          0      0.106480E+23      0.993420E+22      0.925940E+22      0.900030E+22         0.648660E+23
    52.124  -169.136    20.716   249.0    21.0    97.3   7.5          0      0.110590E+23      0.828710E+22      0.957510E+22      0.885880E+22         0.630926E+23
    52.105  -169.218    20.716   249.0    21.0   131.2   6.5          2      0.142950E+24      0.901520E+22      0.895030E+22      0.107390E+23         0.286663E+24
    52.085  -169.300    20.716   249.0    21.0    81.2   6.4          4      0.372070E+24      0.132280E+23      0.980260E+22      0.952780E+22         0.675729E+24
    52.066  -169.383    20.716   249.0    21.0   148.5   6.5          2      0.163800E+24      0.943100E+22      0.857270E+22      0.932850E+22         0.319191E+24
    52.046  -169.465    20.716   249.0    21.0   149.6   7.4          0      0.162820E+23      0.878960E+22      0.120740E+23      0.987060E+22         0.785171E+23
    52.027  -169.548    20.716   249.0    21.0    60.0   8.1          0      0.696300E+20      0.696300E+20      0.696300E+20      0.696300E+20         0.465128E+21
    52.008  -169.630    20.716   249.0    21.0    60.0   8.1          0      0.696300E+20      0.696300E+20      0.696300E+20      0.696300E+20         0.465128E+21
