2.0
#
# http://equake-rc.info/static/paper/SRF-Description-Graves_2.0.pdf
# RECTANGULAR fault MODEL
#
# All subfaults are   6.0 km long along strike and
#   4.6 km wide along dip
#
# Model length along strike is   54.0 km
#
# Model width along dip is   23.0 km
#
# Corners of the rectangular dislocation model (lat, lon):
#     52.152  -169.775 : corner 1
#     52.444  -169.141 : corner 2
#     52.387  -169.070 : corner 3
#     52.094  -169.705 : corner 4
#
#
# Number of elementary sliprate
# isoceles triangular functions
# per subfault:   4
#
# Half duration of elementary sliprate
# isoceles triangular functions (s):   1.67
# Triangles are overlapping each other by half
#
# slip rate unit: cm/s
#
#
# Seismic moment is converted into slip
# using a single constant value for the
# shear modulus mu of  0.250E+12 dyne/cm2
# assumed to be constant and characteristic
# of the fault shear zone
#
#
#
# "rake" (degrees) is the slip angle (Aki"s convention,
# e.g. rake=+45 means left-lateral-reverse movement.
#
#
# ************************************************
# Total seismic moment M0=  0.218E+26 dyne.cm
# ************************************************
#
#
PLANE 1
-169.45801    52.29800    9    5    54.000    23.000
 52.99  69.75     0.295     0.000    16.100
POINTS   45
-169.40880    52.25790    15.400   52.99  69.75  0.2760E+12    0.00   1.67  -1  -1    64.32    28  4   0.0  0   0.0  0
      12.6         1.9         0.1         2.0
-169.60620    52.14883    19.716   52.99  69.75  0.2760E+12    5.31   1.67  -1  -1    39.33     0  4   0.0  0   0.0  0
       0.0         0.0         0.0         0.0
-169.53571    52.18137    19.716   52.99  69.75  0.2760E+12    4.70   1.67  -1  -1   101.55    15  4   0.0  0   0.0  0
       6.7         0.4         1.5         0.1
-169.46519    52.21391    19.716   52.99  69.75  0.2760E+12    3.86   1.67  -1  -1    80.50    27  4   0.0  0   0.0  0
       8.4         0.7         6.6         0.3
-169.39468    52.24645    19.716   52.99  69.75  0.2760E+12    4.14   1.67  -1  -1    84.91    33  4   0.0  0   0.0  0
       3.0         5.6         5.2         5.5
-169.32419    52.27898    19.716   52.99  69.75  0.2760E+12    4.31   1.67  -1  -1    84.77    27  4   0.0  0   0.0  0
       0.2         4.1         4.9         6.7
-169.25368    52.31152    19.716   52.99  69.75  0.2760E+12    3.67   1.67  -1  -1    39.33     0  4   0.0  0   0.0  0
       0.0         0.0         0.0         0.0
-169.18318    52.34406    19.716   52.99  69.75  0.2760E+12    5.31   1.67  -1  -1    39.33     0  4   0.0  0   0.0  0
       0.0         0.0         0.0         0.0
-169.11267    52.37659    19.716   52.99  69.75  0.2760E+12    6.98   1.67  -1  -1    39.33     0  4   0.0  0   0.0  0
       0.0         0.0         0.0         0.0
-169.69081    52.12775    15.400   52.99  69.75  0.2760E+12    6.86   1.67  -1  -1    39.33     0  4   0.0  0   0.0  0
       0.0         0.0         0.0         0.0
-169.62032    52.16029    15.400   52.99  69.75  0.2760E+12    5.14   1.67  -1  -1    39.33     0  4   0.0  0   0.0  0
       0.0         0.0         0.0         0.0
-169.54980    52.19283    15.400   52.99  69.75  0.2760E+12    3.65   1.67  -1  -1   114.06     4  4   0.0  0   0.0  0
       0.9         1.2         0.1         0.1
-169.47931    52.22536    15.400   52.99  69.75  0.2760E+12    1.87   1.67  -1  -1    82.31    15  4   0.0  0   0.0  0
       7.4         1.6         0.1         0.1
-169.67671    52.11630    19.716   52.99  69.75  0.2760E+12    6.98   1.67  -1  -1    39.33     0  4   0.0  0   0.0  0
       0.0         0.0         0.0         0.0
-169.33829    52.29044    15.400   52.99  69.75  0.2760E+12    3.39   1.67  -1  -1    72.15     7  4   0.0  0   0.0  0
       0.1         0.1         2.6         1.1
-169.26779    52.32298    15.400   52.99  69.75  0.2760E+12    3.43   1.67  -1  -1    39.33     0  4   0.0  0   0.0  0
       0.0         0.0         0.0         0.0
-169.19728    52.35551    15.400   52.99  69.75  0.2760E+12    5.14   1.67  -1  -1    39.33     0  4   0.0  0   0.0  0
       0.0         0.0         0.0         0.0
-169.12679    52.38805    15.400   52.99  69.75  0.2760E+12    6.86   1.67  -1  -1    39.33     0  4   0.0  0   0.0  0
       0.0         0.0         0.0         0.0
-169.70493    52.13921    11.084   52.99  69.75  0.2760E+12    6.98   1.67  -1  -1    39.33     0  4   0.0  0   0.0  0
       0.0         0.0         0.0         0.0
-169.63441    52.17174    11.084   52.99  69.75  0.2760E+12    5.31   1.67  -1  -1    39.33     0  4   0.0  0   0.0  0
       0.0         0.0         0.0         0.0
-169.56392    52.20428    11.084   52.99  69.75  0.2760E+12    7.50   1.67  -1  -1   126.16     6  4   0.0  0   0.0  0
       0.1         0.6         1.7         1.5
-169.49341    52.23682    11.084   52.99  69.75  0.2760E+12    4.87   1.67  -1  -1    87.31     7  4   0.0  0   0.0  0
       3.2         1.1         0.1         0.1
-169.42291    52.26935    11.084   52.99  69.75  0.2760E+12    1.56   1.67  -1  -1    98.31    15  4   0.0  0   0.0  0
       6.0         1.1         1.4         0.5
-169.35240    52.30189    11.084   52.99  69.75  0.2760E+12    5.93   1.67  -1  -1    41.22     9  4   0.0  0   0.0  0
       0.7         3.7         1.0         0.1
-169.28189    52.33443    11.084   52.99  69.75  0.2760E+12    3.67   1.67  -1  -1    39.33     0  4   0.0  0   0.0  0
       0.0         0.0         0.0         0.0
-169.21140    52.36697    11.084   52.99  69.75  0.2760E+12    5.31   1.67  -1  -1    39.33     0  4   0.0  0   0.0  0
       0.0         0.0         0.0         0.0
-169.14088    52.39950    11.084   52.99  69.75  0.2760E+12    6.98   1.67  -1  -1    39.33     0  4   0.0  0   0.0  0
       0.0         0.0         0.0         0.0
-169.71902    52.15066     6.769   52.99  69.75  0.2760E+12    7.34   1.67  -1  -1    39.33     0  4   0.0  0   0.0  0
       0.0         0.0         0.0         0.0
-169.64853    52.18319     6.769   52.99  69.75  0.2760E+12    5.78   1.67  -1  -1    39.33     0  4   0.0  0   0.0  0
       0.0         0.0         0.0         0.0
-169.57802    52.21573     6.769   52.99  69.75  0.2760E+12    7.51   1.67  -1  -1   129.07     8  4   0.0  0   0.0  0
       2.2         0.1         0.1         2.7
-169.50752    52.24827     6.769   52.99  69.75  0.2760E+12    7.82   1.67  -1  -1   109.59     3  4   0.0  0   0.0  0
       0.1         0.6         0.5         0.8
-169.43701    52.28081     6.769   52.99  69.75  0.2760E+12    2.68   1.67  -1  -1    94.50    16  4   0.0  0   0.0  0
       7.4         0.1         2.2         0.1
-169.36650    52.31334     6.769   52.99  69.75  0.2760E+12    5.91   1.67  -1  -1    55.69    11  4   0.0  0   0.0  0
       1.7         2.1         2.7         0.1
-169.29601    52.34588     6.769   52.99  69.75  0.2760E+12    4.32   1.67  -1  -1    39.33     0  4   0.0  0   0.0  0
       0.0         0.0         0.0         0.0
-169.22549    52.37842     6.769   52.99  69.75  0.2760E+12    5.78   1.67  -1  -1    39.33     0  4   0.0  0   0.0  0
       0.0         0.0         0.0         0.0
-169.15500    52.41095     6.769   52.99  69.75  0.2760E+12    7.34   1.67  -1  -1    39.33     0  4   0.0  0   0.0  0
       0.0         0.0         0.0         0.0
-169.73314    52.16211     2.453   52.99  69.75  0.2760E+12    7.91   1.67  -1  -1    39.33     0  4   0.0  0   0.0  0
       0.0         0.0         0.0         0.0
-169.66263    52.19465     2.453   52.99  69.75  0.2760E+12    6.48   1.67  -1  -1    39.33     0  4   0.0  0   0.0  0
       0.0         0.0         0.0         0.0
-169.59213    52.22718     2.453   52.99  69.75  0.2760E+12    5.29   1.67  -1  -1   123.59    15  4   0.0  0   0.0  0
       8.4         0.3         0.1         0.1
-169.52162    52.25972     2.453   52.99  69.75  0.2760E+12    4.36   1.67  -1  -1   127.00    11  4   0.0  0   0.0  0
       4.7         1.2         0.4         0.1
-169.45113    52.29226     2.453   52.99  69.75  0.2760E+12    4.11   1.67  -1  -1    92.85    11  4   0.0  0   0.0  0
       5.6         0.6         0.4         0.1
-169.38062    52.32480     2.453   52.99  69.75  0.2760E+12    4.46   1.67  -1  -1    58.05    48  4   0.0  0   0.0  0
      20.8         7.8         0.2         0.1
-169.31010    52.35733     2.453   52.99  69.75  0.2760E+12    5.23   1.67  -1  -1    39.33     0  4   0.0  0   0.0  0
       0.0         0.0         0.0         0.0
-169.23961    52.38987     2.453   52.99  69.75  0.2760E+12    6.48   1.67  -1  -1    39.33     0  4   0.0  0   0.0  0
       0.0         0.0         0.0         0.0
-169.16910    52.42241     2.453   52.99  69.75  0.2760E+12    7.91   1.67  -1  -1    39.33     0  4   0.0  0   0.0  0
       0.0         0.0         0.0         0.0
