2.0
#
# http://equake-rc.info/static/paper/SRF-Description-Graves_2.0.pdf
# RECTANGULAR fault MODEL
#
# All subfaults are   6.0 km long along strike and
#  11.0 km wide along dip
#
# Model length along strike is   54.0 km
#
# Model width along dip is   55.0 km
#
# Corners of the rectangular dislocation model (lat, lon):
#     52.129  -168.902 : corner 1
#     51.955  -169.644 : corner 2
#     52.387  -169.915 : corner 3
#     52.561  -169.173 : corner 4
#
#
# Number of elementary sliprate
# isoceles triangular functions
# per subfault:   4
#
# Half duration of elementary sliprate
# isoceles triangular functions (s):   1.67
# Triangles are overlapping each other by half
#
# slip rate unit: cm/s
#
#
# Seismic moment is converted into slip
# using a single constant value for the
# shear modulus mu of  0.250E+12 dyne/cm2
# assumed to be constant and characteristic
# of the fault shear zone
#
#
#
# "rake" (degrees) is the slip angle (Aki"s convention,
# e.g. rake=+45 means left-lateral-reverse movement.
#
#
# ************************************************
# Total seismic moment M0=  0.166E+26 dyne.cm
# ************************************************
#
#
PLANE 1
-169.27299    52.04200    9    5    54.000    55.000
249.00  21.00    18.745     0.000    27.497
POINTS   45
-169.40880    52.25790    28.600  249.00  21.00  0.6600E+12    0.00   1.67  -1  -1    65.96    12  4   0.0  0   0.0  0
       6.3         0.9         0.2         0.1
-169.26982    52.48873    36.484  249.00  21.00  0.6600E+12    8.11   1.67  -1  -1    60.69     0  4   0.0  0   0.0  0
       0.1         0.1         0.1         0.1
-169.35225    52.46936    36.484  249.00  21.00  0.6600E+12    7.92   1.67  -1  -1    60.42     0  4   0.0  0   0.0  0
       0.0         0.1         0.1         0.1
-169.43468    52.44999    36.484  249.00  21.00  0.6600E+12    7.01   1.67  -1  -1    78.01     0  4   0.0  0   0.0  0
       0.1         0.1         0.1         0.1
-169.51712    52.43062    36.484  249.00  21.00  0.6600E+12    7.42   1.67  -1  -1   149.74     0  4   0.0  0   0.0  0
       0.1         0.1         0.1         0.1
-169.59955    52.41125    36.484  249.00  21.00  0.6600E+12    7.24   1.67  -1  -1   149.26     0  4   0.0  0   0.0  0
       0.1         0.1         0.0         0.1
-169.68198    52.39188    36.484  249.00  21.00  0.6600E+12    7.25   1.67  -1  -1   149.89     0  4   0.0  0   0.0  0
       0.1         0.1         0.1         0.1
-169.76442    52.37252    36.484  249.00  21.00  0.6600E+12    8.11   1.67  -1  -1    60.00     0  4   0.0  0   0.0  0
       0.0         0.0         0.0         0.0
-169.84685    52.35315    36.484  249.00  21.00  0.6600E+12    8.11   1.67  -1  -1    60.00     0  4   0.0  0   0.0  0
       0.0         0.0         0.0         0.0
-169.13322    52.42174    32.542  249.00  21.00  0.6600E+12    7.54   1.67  -1  -1    60.00     0  4   0.0  0   0.0  0
       0.0         0.0         0.0         0.0
-169.21565    52.40237    32.542  249.00  21.00  0.6600E+12    6.03   1.67  -1  -1   112.48     0  4   0.0  0   0.0  0
       0.1         0.1         0.1         0.1
-169.29810    52.38300    32.542  249.00  21.00  0.6600E+12    5.23   1.67  -1  -1    60.43     0  4   0.0  0   0.0  0
       0.1         0.1         0.1         0.1
-169.38052    52.36363    32.542  249.00  21.00  0.6600E+12    3.64   1.67  -1  -1   101.33     0  4   0.0  0   0.0  0
       0.1         0.1         0.1         0.1
-169.46295    52.34426    32.542  249.00  21.00  0.6600E+12    3.59   1.67  -1  -1   112.93     0  4   0.0  0   0.0  0
       0.1         0.1         0.1         0.1
-169.54539    52.32489    32.542  249.00  21.00  0.6600E+12    3.64   1.67  -1  -1   147.67     0  4   0.0  0   0.0  0
       0.1         0.1         0.1         0.1
-169.62782    52.30552    32.542  249.00  21.00  0.6600E+12    6.89   1.67  -1  -1   149.41     0  4   0.0  0   0.0  0
       0.1         0.1         0.0         0.1
-169.71025    52.28616    32.542  249.00  21.00  0.6600E+12    6.03   1.67  -1  -1    60.00     0  4   0.0  0   0.0  0
       0.0         0.0         0.0         0.0
-169.79269    52.26678    32.542  249.00  21.00  0.6600E+12    7.54   1.67  -1  -1    60.00     0  4   0.0  0   0.0  0
       0.0         0.0         0.0         0.0
-169.07907    52.33538    28.600  249.00  21.00  0.6600E+12    6.86   1.67  -1  -1    60.00     0  4   0.0  0   0.0  0
       0.0         0.0         0.0         0.0
-169.16150    52.31601    28.600  249.00  21.00  0.6600E+12    5.25   1.67  -1  -1    79.34     0  4   0.0  0   0.0  0
       0.1         0.1         0.1         0.1
-169.24393    52.29664    28.600  249.00  21.00  0.6600E+12    3.74   1.67  -1  -1   144.15    17  4   0.0  0   0.0  0
      10.1         0.1         0.1         0.1
-169.32637    52.27727    28.600  249.00  21.00  0.6600E+12    2.07   1.67  -1  -1    85.79     1  4   0.0  0   0.0  0
       0.2         0.3         0.1         0.1
-169.18738    52.50810    36.484  249.00  21.00  0.6600E+12    8.11   1.67  -1  -1    60.00     0  4   0.0  0   0.0  0
       0.0         0.0         0.0         0.0
-169.49123    52.23853    28.600  249.00  21.00  0.6600E+12    2.43   1.67  -1  -1   129.25     1  4   0.0  0   0.0  0
       0.1         0.1         0.1         0.1
-169.57367    52.21916    28.600  249.00  21.00  0.6600E+12    3.48   1.67  -1  -1    99.33     1  4   0.0  0   0.0  0
       0.1         0.1         0.1         0.1
-169.65610    52.19979    28.600  249.00  21.00  0.6600E+12    5.14   1.67  -1  -1    60.00     0  4   0.0  0   0.0  0
       0.0         0.0         0.0         0.0
-169.73853    52.18042    28.600  249.00  21.00  0.6600E+12    6.86   1.67  -1  -1    60.00     0  4   0.0  0   0.0  0
       0.0         0.0         0.0         0.0
-169.02490    52.24902    24.658  249.00  21.00  0.6600E+12    7.54   1.67  -1  -1    60.00     0  4   0.0  0   0.0  0
       0.0         0.0         0.0         0.0
-169.10735    52.22964    24.658  249.00  21.00  0.6600E+12    6.03   1.67  -1  -1    60.42     5  4   0.0  0   0.0  0
       3.0         0.1         0.1         0.1
-169.18977    52.21028    24.658  249.00  21.00  0.6600E+12    4.98   1.67  -1  -1    93.06     2  4   0.0  0   0.0  0
       0.9         0.3         0.1         0.1
-169.27220    52.19091    24.658  249.00  21.00  0.6600E+12    3.74   1.67  -1  -1    91.95    12  4   0.0  0   0.0  0
       6.8         0.4         0.1         0.1
-169.35464    52.17154    24.658  249.00  21.00  0.6600E+12    3.18   1.67  -1  -1    83.31    18  4   0.0  0   0.0  0
      10.8         0.1         0.1         0.1
-169.43707    52.15217    24.658  249.00  21.00  0.6600E+12    3.81   1.67  -1  -1   114.68    12  4   0.0  0   0.0  0
       6.8         0.1         0.1         0.1
-169.51950    52.13280    24.658  249.00  21.00  0.6600E+12    5.24   1.67  -1  -1   149.37     4  4   0.0  0   0.0  0
       0.9         1.5         0.1         0.1
-169.60194    52.11343    24.658  249.00  21.00  0.6600E+12    6.03   1.67  -1  -1    60.00     0  4   0.0  0   0.0  0
       0.0         0.0         0.0         0.0
-169.68437    52.09406    24.658  249.00  21.00  0.6600E+12    7.54   1.67  -1  -1    60.00     0  4   0.0  0   0.0  0
       0.0         0.0         0.0         0.0
-168.97075    52.16265    20.716  249.00  21.00  0.6600E+12    8.11   1.67  -1  -1    60.00     0  4   0.0  0   0.0  0
       0.0         0.0         0.0         0.0
-169.05318    52.14328    20.716  249.00  21.00  0.6600E+12    8.11   1.67  -1  -1    97.07     0  4   0.0  0   0.0  0
       0.1         0.1         0.1         0.1
-169.13562    52.12392    20.716  249.00  21.00  0.6600E+12    7.46   1.67  -1  -1    97.33     0  4   0.0  0   0.0  0
       0.1         0.1         0.1         0.1
-169.21805    52.10455    20.716  249.00  21.00  0.6600E+12    6.53   1.67  -1  -1   131.25     2  4   0.0  0   0.0  0
       0.9         0.1         0.1         0.1
-169.30048    52.08518    20.716  249.00  21.00  0.6600E+12    6.41   1.67  -1  -1    81.22     4  4   0.0  0   0.0  0
       2.3         0.1         0.1         0.1
-169.38292    52.06581    20.716  249.00  21.00  0.6600E+12    6.52   1.67  -1  -1   148.47     2  4   0.0  0   0.0  0
       1.0         0.1         0.1         0.1
-169.46535    52.04644    20.716  249.00  21.00  0.6600E+12    7.44   1.67  -1  -1   149.60     0  4   0.0  0   0.0  0
       0.1         0.1         0.1         0.1
-169.54778    52.02707    20.716  249.00  21.00  0.6600E+12    8.11   1.67  -1  -1    60.00     0  4   0.0  0   0.0  0
       0.0         0.0         0.0         0.0
-169.63022    52.00770    20.716  249.00  21.00  0.6600E+12    8.11   1.67  -1  -1    60.00     0  4   0.0  0   0.0  0
       0.0         0.0         0.0         0.0
