 RECTANGULAR fault MODEL

All subfaults are  18.0 km long along strike and
  7.5 km wide along dip

Model length along strike is  270.0 km

Model width along dip is   37.5 km

 Corners of the rectangular dislocation model (lat, lon):
    -8.316   120.133 : corner 1
    -8.358   122.583 : corner 2
    -8.604   122.578 : corner 3
    -8.562   120.128 : corner 4


 Number of elementary moment rate
 isoceles triangular functions
 per subfault:            4

 Half duration of elementary moment rate
 isoceles triangular functions (s):    4.53999996    

 seismic moment rate unit: dyne.cm
 (1 dyne.cm = 10E-7 N.m)


 Seismic moment is converted into slip
 using a single constant value for the
shear modulus mu of  0.250E+12 dyne/cm2
 assumed to be constant and characteristic
 of the fault shear zone


 "Lat, lon, depth" below are the coord                          in degrees of the subfaults centers

 "rake" (degrees) is the slip angle (Aki"s convention,
 e.g. rake=+45 means left-lateral-reverse movement.

 "ontime" is the rupture onset time in seconds of the subfault.

 amp1, amp2, amp3 and amp4 are the amplitudes
 of the isoceles triangular functions representing
 the moment rate function. Triangles are
 overlapping each other by half

 ************************************************
 Total seismic moment M0=    3.41643263E+27  dyne.cm
 ************************************************

 ================================================

      Lat     Lon      depth(km) strike    dip    rake  ontime       slip(cm)  amp1(dyne.cm/s) amp2(dyne.cm/s) amp3(dyne.cm/s)         	amp4(dyne.cm/s)       M0_subf

    -8.411   121.356     7.700    91.0    43.0    73.4   0.0        256      0.358620E+24      0.111630E+25      0.127080E+26      0.482830E+25         0.863109E+26 : hypocenter
    -8.542   120.374    23.045    91.0    43.0   103.6  32.2        188      0.780790E+25      0.125700E+24      0.594140E+25      0.788390E+23         0.633504E+26
    -8.544   120.537    23.045    91.0    43.0    80.1  26.5        206      0.763430E+23      0.106130E+25      0.534320E+25      0.885090E+25         0.696061E+26
    -8.547   120.700    23.045    91.0    43.0    74.4  28.5        208      0.835460E+25      0.819310E+24      0.485430E+25      0.144740E+25         0.702593E+26
    -8.550   120.864    23.045    91.0    43.0    84.3  30.4        230      0.760020E+25      0.581940E+25      0.195930E+25      0.169520E+25         0.775164E+26
    -8.553   121.027    23.045    91.0    43.0   125.5  14.9        233      0.608370E+25      0.935380E+25      0.860860E+24      0.101850E+25         0.786185E+26
    -8.556   121.190    23.045    91.0    43.0    80.9  17.1        230      0.783790E+25      0.659830E+25      0.131900E+25      0.134180E+25         0.776204E+26
    -8.559   121.354    23.045    91.0    43.0    72.4  11.4        266      0.163280E+26      0.332170E+25      0.652670E+23      0.706590E+23         0.898267E+26
    -8.561   121.517    23.045    91.0    43.0   115.4  15.9        155      0.387440E+25      0.193470E+25      0.392460E+25      0.181670E+25         0.524388E+26
    -8.564   121.680    23.045    91.0    43.0   115.2  19.7         55      0.268160E+25      0.469810E+24      0.256950E+24      0.686190E+24         0.185893E+26
    -8.567   121.844    23.045    91.0    43.0    80.1  17.2         30      0.523220E+24      0.694160E+24      0.211740E+24      0.777770E+24         0.100193E+26
    -8.570   122.007    23.045    91.0    43.0    66.4  30.0         40      0.493620E+24      0.155000E+25      0.110110E+24      0.840760E+24         0.135950E+26
    -8.573   122.171    23.045    91.0    43.0    45.0  26.5          0      0.413280E+21      0.413280E+21      0.413280E+21      0.413280E+21         0.750516E+22
    -8.575   122.334    23.045    91.0    43.0    45.0  31.5          0      0.413280E+21      0.413280E+21      0.413280E+21      0.413280E+21         0.750516E+22
    -8.578   122.497    23.045    91.0    43.0    45.0  32.8          0      0.413280E+21      0.413280E+21      0.413280E+21      0.413280E+21         0.750516E+22
    -8.490   120.211    17.930    91.0    43.0    45.0  32.8          0      0.413280E+21      0.413280E+21      0.413280E+21      0.413280E+21         0.750516E+22
    -8.492   120.375    17.930    91.0    43.0    77.2  31.4        170      0.783590E+24      0.240530E+24      0.723200E+25      0.436000E+25         0.572772E+26
    -8.495   120.538    17.930    91.0    43.0    80.3  31.7        200      0.114050E+24      0.788480E+25      0.518680E+24      0.637990E+25         0.676343E+26
    -8.498   120.701    17.930    91.0    43.0   112.6  24.6        234      0.114820E+26      0.250280E+25      0.944800E+23      0.333790E+25         0.790740E+26
    -8.501   120.865    17.930    91.0    43.0   115.4  16.2        226      0.124880E+26      0.280040E+25      0.739430E+24      0.805920E+24         0.764252E+26
    -8.504   121.028    17.930    91.0    43.0    61.0  22.1        237      0.101020E+26      0.489490E+25      0.482140E+24      0.210890E+25         0.798492E+26
    -8.506   121.191    17.930    91.0    43.0    97.7   6.8        236      0.617480E+25      0.511180E+25      0.336300E+25      0.288610E+25         0.796121E+26
    -8.509   121.355    17.930    91.0    43.0   107.7   8.4        255      0.173490E+26      0.430400E+24      0.551030E+24      0.608700E+24         0.859836E+26
    -8.512   121.518    17.930    91.0    43.0   100.2  12.3        170      0.328450E+25      0.444070E+25      0.297280E+25      0.191820E+25         0.572775E+26
    -8.515   121.681    17.930    91.0    43.0   124.3  20.1         94      0.386600E+25      0.100890E+25      0.132470E+25      0.793910E+24         0.317505E+26
    -8.518   121.845    17.930    91.0    43.0   106.6  25.0         74      0.332370E+25      0.673940E+24      0.899450E+23      0.137870E+25         0.248169E+26
    -8.521   122.008    17.930    91.0    43.0   134.1  21.2         60      0.480960E+24      0.161370E+24      0.282480E+25      0.970860E+24         0.201485E+26
    -8.523   122.171    17.930    91.0    43.0    45.0  26.1          0      0.413280E+21      0.413280E+21      0.413280E+21      0.413280E+21         0.750516E+22
    -8.526   122.335    17.930    91.0    43.0    45.0  31.2          0      0.413280E+21      0.413280E+21      0.413280E+21      0.413280E+21         0.750516E+22
    -8.529   122.498    17.930    91.0    43.0    45.0  32.8          0      0.413280E+21      0.413280E+21      0.413280E+21      0.413280E+21         0.750516E+22
    -8.440   120.212    12.815    91.0    43.0    45.0  32.8          0      0.413280E+21      0.413280E+21      0.413280E+21      0.413280E+21         0.750516E+22
    -8.443   120.375    12.815    91.0    43.0    71.8  31.1        172      0.334370E+25      0.985030E+24      0.928760E+23      0.835300E+25         0.579967E+26
    -8.446   120.539    12.815    91.0    43.0    67.5  27.2        223      0.558470E+25      0.278680E+25      0.805950E+25      0.151620E+24         0.752851E+26
    -8.449   120.702    12.815    91.0    43.0    90.2  29.1        237      0.393380E+25      0.174020E+25      0.834310E+25      0.359900E+25         0.799771E+26
    -8.452   120.865    12.815    91.0    43.0    61.1  22.1        235      0.722500E+25      0.530090E+25      0.244870E+25      0.250000E+25         0.793347E+26
    -8.454   121.029    12.815    91.0    43.0    79.5  18.3        242      0.933360E+25      0.393120E+25      0.267340E+25      0.202920E+25         0.815720E+26
    -8.457   121.192    12.815    91.0    43.0    47.7  10.2        251      0.318350E+25      0.764370E+25      0.772980E+25      0.102270E+24         0.847131E+26
    -8.460   121.356    12.815    91.0    43.0    81.4   7.1        245      0.561900E+25      0.537310E+25      0.453690E+25      0.265310E+25         0.825467E+26
    -8.463   121.519    12.815    91.0    43.0    82.1   5.9        162      0.459010E+25      0.509420E+25      0.224360E+25      0.117800E+24         0.546875E+26
    -8.466   121.682    12.815    91.0    43.0    94.0  11.6         87      0.284520E+25      0.123670E+25      0.196500E+25      0.420320E+24         0.293612E+26
    -8.469   121.846    12.815    91.0    43.0   102.9  23.9         70      0.117550E+25      0.160040E+25      0.929780E+24      0.150580E+25         0.236601E+26
    -8.471   122.009    12.815    91.0    43.0   119.2  28.6         76      0.298240E+25      0.207890E+25      0.109070E+24      0.501800E+24         0.257517E+26
    -8.474   122.172    12.815    91.0    43.0    45.0  25.8          0      0.413280E+21      0.413280E+21      0.413280E+21      0.413280E+21         0.750516E+22
    -8.477   122.336    12.815    91.0    43.0    45.0  30.9          0      0.413280E+21      0.413280E+21      0.413280E+21      0.413280E+21         0.750516E+22
    -8.480   122.499    12.815    91.0    43.0    45.0  32.8          0      0.413280E+21      0.413280E+21      0.413280E+21      0.413280E+21         0.750516E+22
    -8.391   120.213     7.700    91.0    43.0    45.0  32.8          0      0.413280E+21      0.413280E+21      0.413280E+21      0.413280E+21         0.750516E+22
    -8.394   120.376     7.700    91.0    43.0    88.3  31.1        169      0.367270E+25      0.211640E+25      0.107890E+25      0.572160E+25         0.571568E+26
    -8.397   120.540     7.700    91.0    43.0    52.3  25.9        206      0.275200E+25      0.238550E+25      0.821570E+25      0.196860E+25         0.695610E+26
    -8.400   120.703     7.700    91.0    43.0    90.6  21.7        279      0.411150E+25      0.104270E+26      0.412270E+25      0.210720E+25         0.942885E+26
    -8.402   120.866     7.700    91.0    43.0    63.4  22.1        281      0.230100E+25      0.111290E+26      0.621540E+25      0.128060E+25         0.950040E+26
    -8.405   121.030     7.700    91.0    43.0   111.3  24.6        201      0.154110E+25      0.270240E+25      0.536810E+25      0.532420E+25         0.678085E+26
    -8.408   121.193     7.700    91.0    43.0    77.3  16.1        277      0.104110E+26      0.682040E+25      0.331880E+25      0.669450E+23         0.936018E+26
    -8.539   120.210    23.045    91.0    43.0    45.0  32.8          0      0.413280E+21      0.413280E+21      0.413280E+21      0.413280E+21         0.750516E+22
    -8.414   121.520     7.700    91.0    43.0   100.9   5.1        195      0.324380E+25      0.249600E+25      0.394740E+25      0.483670E+25         0.659385E+26
    -8.416   121.683     7.700    91.0    43.0   109.9  18.8        133      0.560270E+25      0.143190E+25      0.157880E+25      0.124580E+25         0.447608E+26
    -8.419   121.846     7.700    91.0    43.0   129.7  22.1        101      0.861560E+24      0.155000E+25      0.681550E+24      0.439630E+25         0.340019E+26
    -8.422   122.010     7.700    91.0    43.0   104.8  29.1         62      0.245030E+25      0.454610E+24      0.594690E+24      0.111100E+25         0.209321E+26
    -8.425   122.173     7.700    91.0    43.0    45.0  25.7          0      0.413280E+21      0.413280E+21      0.413280E+21      0.413280E+21         0.750516E+22
    -8.428   122.337     7.700    91.0    43.0    45.0  30.9          0      0.413280E+21      0.413280E+21      0.413280E+21      0.413280E+21         0.750516E+22
    -8.431   122.500     7.700    91.0    43.0    45.0  32.8          0      0.413280E+21      0.413280E+21      0.413280E+21      0.413280E+21         0.750516E+22
    -8.342   120.214     2.585    91.0    43.0    45.0  32.8          0      0.413280E+21      0.413280E+21      0.413280E+21      0.413280E+21         0.750516E+22
    -8.345   120.377     2.585    91.0    43.0   105.5  31.9        163      0.626830E+25      0.429820E+25      0.795900E+23      0.144530E+25         0.548949E+26
    -8.347   120.541     2.585    91.0    43.0   115.2  30.0        240      0.117580E+26      0.557040E+25      0.730850E+23      0.420070E+24         0.809099E+26
    -8.350   120.704     2.585    91.0    43.0   100.2  23.7        233      0.575890E+25      0.573360E+25      0.110660E+25      0.475900E+25         0.788058E+26
    -8.353   120.867     2.585    91.0    43.0   111.3  16.2        253      0.103190E+26      0.311850E+25      0.847910E+24      0.450170E+25         0.852935E+26
    -8.356   121.031     2.585    91.0    43.0    94.8  22.0        238      0.549720E+25      0.947730E+24      0.591470E+25      0.531220E+25         0.802301E+26
    -8.359   121.194     2.585    91.0    43.0    53.4  14.0        262      0.725120E+25      0.591120E+25      0.399590E+25      0.234000E+25         0.885223E+26
    -8.362   121.357     2.585    91.0    43.0   102.7   2.2        229      0.291770E+25      0.107800E+26      0.237280E+25      0.945240E+24         0.772515E+26
    -8.364   121.521     2.585    91.0    43.0    51.3   7.1        213      0.119240E+26      0.278700E+25      0.846100E+24      0.243680E+24         0.717355E+26
    -8.367   121.684     2.585    91.0    43.0   121.4  17.5        170      0.336710E+25      0.289230E+25      0.292420E+25      0.343950E+25         0.573089E+26
    -8.370   121.847     2.585    91.0    43.0   113.5  19.4        111      0.639760E+25      0.164860E+25      0.969470E+23      0.128910E+24         0.375551E+26
    -8.373   122.011     2.585    91.0    43.0    69.0  27.3         54      0.835950E+23      0.255460E+24      0.146080E+25      0.221670E+25         0.182352E+26
    -8.376   122.174     2.585    91.0    43.0    45.0  25.8          0      0.413280E+21      0.413280E+21      0.413280E+21      0.413280E+21         0.750516E+22
    -8.378   122.337     2.585    91.0    43.0    45.0  30.9          0      0.413280E+21      0.413280E+21      0.413280E+21      0.413280E+21         0.750516E+22
    -8.381   122.501     2.585    91.0    43.0    45.0  32.8          0      0.413280E+21      0.413280E+21      0.413280E+21      0.413280E+21         0.750516E+22
