2.0
#
# http://equake-rc.info/static/paper/SRF-Description-Graves_2.0.pdf
# RECTANGULAR fault MODEL
#
# All subfaults are  18.0 km long along strike and
#   7.5 km wide along dip
#
# Model length along strike is  270.0 km
#
# Model width along dip is   37.5 km
#
# Corners of the rectangular dislocation model (lat, lon):
#     -8.316   120.133 : corner 1
#     -8.358   122.583 : corner 2
#     -8.604   122.578 : corner 3
#     -8.562   120.128 : corner 4
#
#
# Number of elementary sliprate
# isoceles triangular functions
# per subfault:   4
#
# Half duration of elementary sliprate
# isoceles triangular functions (s):   4.54
# Triangles are overlapping each other by half
#
# slip rate unit: cm/s
#
#
# Seismic moment is converted into slip
# using a single constant value for the
# shear modulus mu of  0.250E+12 dyne/cm2
# assumed to be constant and characteristic
# of the fault shear zone
#
#
#
# "rake" (degrees) is the slip angle (Aki"s convention,
# e.g. rake=+45 means left-lateral-reverse movement.
#
#
# ************************************************
# Total seismic moment M0=  0.342E+28 dyne.cm
# ************************************************
#
#
PLANE 1
 121.35800    -8.33700   15    5   270.000    37.500
 91.00  43.00     0.028     0.000    11.249
POINTS   75
 121.35640    -8.41080     7.700   91.00  43.00  0.1350E+13    0.00   4.54  -1  -1    73.39   256  4   0.0  0   0.0  0
       1.1         3.3        37.7        14.3
 120.37369    -8.54160    23.045   91.00  43.00  0.1350E+13   32.18   4.54  -1  -1   103.60   188  4   0.0  0   0.0  0
      23.1         0.4        17.6         0.2
 120.53704    -8.54443    23.045   91.00  43.00  0.1350E+13   26.53   4.54  -1  -1    80.14   206  4   0.0  0   0.0  0
       0.2         3.1        15.8        26.2
 120.70039    -8.54725    23.045   91.00  43.00  0.1350E+13   28.55   4.54  -1  -1    74.44   208  4   0.0  0   0.0  0
      24.8         2.4        14.4         4.3
 120.86374    -8.55007    23.045   91.00  43.00  0.1350E+13   30.44   4.54  -1  -1    84.26   230  4   0.0  0   0.0  0
      22.5        17.2         5.8         5.0
 121.02709    -8.55289    23.045   91.00  43.00  0.1350E+13   14.90   4.54  -1  -1   125.54   233  4   0.0  0   0.0  0
      18.0        27.7         2.6         3.0
 121.19044    -8.55571    23.045   91.00  43.00  0.1350E+13   17.06   4.54  -1  -1    80.86   230  4   0.0  0   0.0  0
      23.2        19.6         3.9         4.0
 121.35379    -8.55853    23.045   91.00  43.00  0.1350E+13   11.41   4.54  -1  -1    72.42   266  4   0.0  0   0.0  0
      48.4         9.8         0.2         0.2
 121.51714    -8.56135    23.045   91.00  43.00  0.1350E+13   15.92   4.54  -1  -1   115.40   155  4   0.0  0   0.0  0
      11.5         5.7        11.6         5.4
 121.68050    -8.56417    23.045   91.00  43.00  0.1350E+13   19.74   4.54  -1  -1   115.17    55  4   0.0  0   0.0  0
       7.9         1.4         0.8         2.0
 121.84385    -8.56699    23.045   91.00  43.00  0.1350E+13   17.23   4.54  -1  -1    80.14    30  4   0.0  0   0.0  0
       1.6         2.1         0.6         2.3
 122.00719    -8.56981    23.045   91.00  43.00  0.1350E+13   29.98   4.54  -1  -1    66.42    40  4   0.0  0   0.0  0
       1.5         4.6         0.3         2.5
 122.17055    -8.57263    23.045   91.00  43.00  0.1350E+13   26.51   4.54  -1  -1    45.00     0  4   0.0  0   0.0  0
       0.0         0.0         0.0         0.0
 122.33390    -8.57545    23.045   91.00  43.00  0.1350E+13   31.52   4.54  -1  -1    45.00     0  4   0.0  0   0.0  0
       0.0         0.0         0.0         0.0
 122.49725    -8.57827    23.045   91.00  43.00  0.1350E+13   32.76   4.54  -1  -1    45.00     0  4   0.0  0   0.0  0
       0.0         0.0         0.0         0.0
 120.21120    -8.48954    17.930   91.00  43.00  0.1350E+13   32.76   4.54  -1  -1    45.00     0  4   0.0  0   0.0  0
       0.0         0.0         0.0         0.0
 120.37456    -8.49236    17.930   91.00  43.00  0.1350E+13   31.43   4.54  -1  -1    77.24   170  4   0.0  0   0.0  0
       2.3         0.7        21.4        12.9
 120.53791    -8.49518    17.930   91.00  43.00  0.1350E+13   31.74   4.54  -1  -1    80.26   200  4   0.0  0   0.0  0
       0.3        23.4         1.5        18.9
 120.70126    -8.49800    17.930   91.00  43.00  0.1350E+13   24.65   4.54  -1  -1   112.56   234  4   0.0  0   0.0  0
      34.0         7.4         0.3         9.9
 120.86461    -8.50082    17.930   91.00  43.00  0.1350E+13   16.19   4.54  -1  -1   115.40   226  4   0.0  0   0.0  0
      37.0         8.3         2.2         2.4
 121.02796    -8.50364    17.930   91.00  43.00  0.1350E+13   22.10   4.54  -1  -1    60.98   237  4   0.0  0   0.0  0
      29.9        14.5         1.4         6.2
 121.19131    -8.50646    17.930   91.00  43.00  0.1350E+13    6.83   4.54  -1  -1    97.65   236  4   0.0  0   0.0  0
      18.3        15.1        10.0         8.6
 121.35466    -8.50928    17.930   91.00  43.00  0.1350E+13    8.42   4.54  -1  -1   107.72   255  4   0.0  0   0.0  0
      51.4         1.3         1.6         1.8
 121.51801    -8.51211    17.930   91.00  43.00  0.1350E+13   12.30   4.54  -1  -1   100.19   170  4   0.0  0   0.0  0
       9.7        13.2         8.8         5.7
 121.68137    -8.51493    17.930   91.00  43.00  0.1350E+13   20.08   4.54  -1  -1   124.27    94  4   0.0  0   0.0  0
      11.5         3.0         3.9         2.4
 121.84471    -8.51775    17.930   91.00  43.00  0.1350E+13   24.97   4.54  -1  -1   106.58    74  4   0.0  0   0.0  0
       9.8         2.0         0.3         4.1
 122.00806    -8.52057    17.930   91.00  43.00  0.1350E+13   21.20   4.54  -1  -1   134.05    60  4   0.0  0   0.0  0
       1.4         0.5         8.4         2.9
 122.17142    -8.52339    17.930   91.00  43.00  0.1350E+13   26.07   4.54  -1  -1    45.00     0  4   0.0  0   0.0  0
       0.0         0.0         0.0         0.0
 122.33477    -8.52621    17.930   91.00  43.00  0.1350E+13   31.15   4.54  -1  -1    45.00     0  4   0.0  0   0.0  0
       0.0         0.0         0.0         0.0
 122.49812    -8.52903    17.930   91.00  43.00  0.1350E+13   32.76   4.54  -1  -1    45.00     0  4   0.0  0   0.0  0
       0.0         0.0         0.0         0.0
 120.21207    -8.44030    12.815   91.00  43.00  0.1350E+13   32.76   4.54  -1  -1    45.00     0  4   0.0  0   0.0  0
       0.0         0.0         0.0         0.0
 120.37543    -8.44312    12.815   91.00  43.00  0.1350E+13   31.10   4.54  -1  -1    71.84   172  4   0.0  0   0.0  0
       9.9         2.9         0.3        24.7
 120.53877    -8.44594    12.815   91.00  43.00  0.1350E+13   27.16   4.54  -1  -1    67.49   223  4   0.0  0   0.0  0
      16.5         8.3        23.9         0.4
 120.70213    -8.44876    12.815   91.00  43.00  0.1350E+13   29.11   4.54  -1  -1    90.21   237  4   0.0  0   0.0  0
      11.7         5.2        24.7        10.7
 120.86548    -8.45158    12.815   91.00  43.00  0.1350E+13   22.12   4.54  -1  -1    61.06   235  4   0.0  0   0.0  0
      21.4        15.7         7.3         7.4
 121.02883    -8.45440    12.815   91.00  43.00  0.1350E+13   18.31   4.54  -1  -1    79.46   242  4   0.0  0   0.0  0
      27.7        11.6         7.9         6.0
 121.19218    -8.45722    12.815   91.00  43.00  0.1350E+13   10.18   4.54  -1  -1    47.66   251  4   0.0  0   0.0  0
       9.4        22.6        22.9         0.3
 121.35553    -8.46004    12.815   91.00  43.00  0.1350E+13    7.12   4.54  -1  -1    81.37   245  4   0.0  0   0.0  0
      16.6        15.9        13.4         7.9
 121.51888    -8.46286    12.815   91.00  43.00  0.1350E+13    5.85   4.54  -1  -1    82.11   162  4   0.0  0   0.0  0
      13.6        15.1         6.6         0.3
 121.68224    -8.46568    12.815   91.00  43.00  0.1350E+13   11.55   4.54  -1  -1    94.04    87  4   0.0  0   0.0  0
       8.4         3.7         5.8         1.2
 121.84558    -8.46850    12.815   91.00  43.00  0.1350E+13   23.93   4.54  -1  -1   102.88    70  4   0.0  0   0.0  0
       3.5         4.7         2.8         4.5
 122.00893    -8.47132    12.815   91.00  43.00  0.1350E+13   28.58   4.54  -1  -1   119.22    76  4   0.0  0   0.0  0
       8.8         6.2         0.3         1.5
 122.17229    -8.47415    12.815   91.00  43.00  0.1350E+13   25.80   4.54  -1  -1    45.00     0  4   0.0  0   0.0  0
       0.0         0.0         0.0         0.0
 122.33564    -8.47697    12.815   91.00  43.00  0.1350E+13   30.93   4.54  -1  -1    45.00     0  4   0.0  0   0.0  0
       0.0         0.0         0.0         0.0
 122.49899    -8.47979    12.815   91.00  43.00  0.1350E+13   32.76   4.54  -1  -1    45.00     0  4   0.0  0   0.0  0
       0.0         0.0         0.0         0.0
 120.21294    -8.39106     7.700   91.00  43.00  0.1350E+13   32.76   4.54  -1  -1    45.00     0  4   0.0  0   0.0  0
       0.0         0.0         0.0         0.0
 120.37630    -8.39388     7.700   91.00  43.00  0.1350E+13   31.10   4.54  -1  -1    88.34   169  4   0.0  0   0.0  0
      10.9         6.3         3.2        17.0
 120.53964    -8.39670     7.700   91.00  43.00  0.1350E+13   25.91   4.54  -1  -1    52.26   206  4   0.0  0   0.0  0
       8.2         7.1        24.3         5.8
 120.70300    -8.39952     7.700   91.00  43.00  0.1350E+13   21.72   4.54  -1  -1    90.57   279  4   0.0  0   0.0  0
      12.2        30.9        12.2         6.2
 120.86635    -8.40234     7.700   91.00  43.00  0.1350E+13   22.15   4.54  -1  -1    63.41   281  4   0.0  0   0.0  0
       6.8        33.0        18.4         3.8
 121.02970    -8.40516     7.700   91.00  43.00  0.1350E+13   24.62   4.54  -1  -1   111.31   201  4   0.0  0   0.0  0
       4.6         8.0        15.9        15.8
 121.19305    -8.40798     7.700   91.00  43.00  0.1350E+13   16.11   4.54  -1  -1    77.26   277  4   0.0  0   0.0  0
      30.8        20.2         9.8         0.2
 120.21033    -8.53878    23.045   91.00  43.00  0.1350E+13   32.76   4.54  -1  -1    45.00     0  4   0.0  0   0.0  0
       0.0         0.0         0.0         0.0
 121.51975    -8.41362     7.700   91.00  43.00  0.1350E+13    5.14   4.54  -1  -1   100.89   195  4   0.0  0   0.0  0
       9.6         7.4        11.7        14.3
 121.68310    -8.41644     7.700   91.00  43.00  0.1350E+13   18.79   4.54  -1  -1   109.91   133  4   0.0  0   0.0  0
      16.6         4.2         4.7         3.7
 121.84645    -8.41926     7.700   91.00  43.00  0.1350E+13   22.12   4.54  -1  -1   129.72   101  4   0.0  0   0.0  0
       2.6         4.6         2.0        13.0
 122.00980    -8.42208     7.700   91.00  43.00  0.1350E+13   29.11   4.54  -1  -1   104.82    62  4   0.0  0   0.0  0
       7.3         1.3         1.8         3.3
 122.17316    -8.42490     7.700   91.00  43.00  0.1350E+13   25.71   4.54  -1  -1    45.00     0  4   0.0  0   0.0  0
       0.0         0.0         0.0         0.0
 122.33650    -8.42772     7.700   91.00  43.00  0.1350E+13   30.86   4.54  -1  -1    45.00     0  4   0.0  0   0.0  0
       0.0         0.0         0.0         0.0
 122.49986    -8.43054     7.700   91.00  43.00  0.1350E+13   32.76   4.54  -1  -1    45.00     0  4   0.0  0   0.0  0
       0.0         0.0         0.0         0.0
 120.21381    -8.34181     2.585   91.00  43.00  0.1350E+13   32.76   4.54  -1  -1    45.00     0  4   0.0  0   0.0  0
       0.0         0.0         0.0         0.0
 120.37716    -8.34463     2.585   91.00  43.00  0.1350E+13   31.86   4.54  -1  -1   105.51   163  4   0.0  0   0.0  0
      18.6        12.7         0.2         4.3
 120.54051    -8.34745     2.585   91.00  43.00  0.1350E+13   29.95   4.54  -1  -1   115.22   240  4   0.0  0   0.0  0
      34.8        16.5         0.2         1.2
 120.70387    -8.35028     2.585   91.00  43.00  0.1350E+13   23.67   4.54  -1  -1   100.16   233  4   0.0  0   0.0  0
      17.1        17.0         3.3        14.1
 120.86722    -8.35310     2.585   91.00  43.00  0.1350E+13   16.19   4.54  -1  -1   111.33   253  4   0.0  0   0.0  0
      30.6         9.2         2.5        13.3
 121.03056    -8.35592     2.585   91.00  43.00  0.1350E+13   22.03   4.54  -1  -1    94.85   238  4   0.0  0   0.0  0
      16.3         2.8        17.5        15.7
 121.19392    -8.35874     2.585   91.00  43.00  0.1350E+13   13.98   4.54  -1  -1    53.39   262  4   0.0  0   0.0  0
      21.5        17.5        11.8         6.9
 121.35727    -8.36156     2.585   91.00  43.00  0.1350E+13    2.17   4.54  -1  -1   102.72   229  4   0.0  0   0.0  0
       8.6        31.9         7.0         2.8
 121.52062    -8.36438     2.585   91.00  43.00  0.1350E+13    7.12   4.54  -1  -1    51.31   213  4   0.0  0   0.0  0
      35.3         8.3         2.5         0.7
 121.68397    -8.36720     2.585   91.00  43.00  0.1350E+13   17.49   4.54  -1  -1   121.38   170  4   0.0  0   0.0  0
      10.0         8.6         8.7        10.2
 121.84732    -8.37002     2.585   91.00  43.00  0.1350E+13   19.37   4.54  -1  -1   113.52   111  4   0.0  0   0.0  0
      19.0         4.9         0.3         0.4
 122.01067    -8.37284     2.585   91.00  43.00  0.1350E+13   27.33   4.54  -1  -1    69.05    54  4   0.0  0   0.0  0
       0.2         0.8         4.3         6.6
 122.17403    -8.37566     2.585   91.00  43.00  0.1350E+13   25.80   4.54  -1  -1    45.00     0  4   0.0  0   0.0  0
       0.0         0.0         0.0         0.0
 122.33737    -8.37848     2.585   91.00  43.00  0.1350E+13   30.93   4.54  -1  -1    45.00     0  4   0.0  0   0.0  0
       0.0         0.0         0.0         0.0
 122.50072    -8.38130     2.585   91.00  43.00  0.1350E+13   32.76   4.54  -1  -1    45.00     0  4   0.0  0   0.0  0
       0.0         0.0         0.0         0.0
