2.0
#
# http://equake-rc.info/static/paper/SRF-Description-Graves_2.0.pdf
# RECTANGULAR fault MODEL
#
# All subfaults are  18.0 km long along strike and
#   7.0 km wide along dip
#
# Model length along strike is  270.0 km
#
# Model width along dip is   35.0 km
#
# Corners of the rectangular dislocation model (lat, lon):
#     -8.496   122.580 : corner 1
#     -8.454   120.130 : corner 2
#     -8.240   120.134 : corner 3
#     -8.282   122.584 : corner 4
#
#
# Number of elementary sliprate
# isoceles triangular functions
# per subfault:   4
#
# Half duration of elementary sliprate
# isoceles triangular functions (s):   4.54
# Triangles are overlapping each other by half
#
# slip rate unit: cm/s
#
#
# Seismic moment is converted into slip
# using a single constant value for the
# shear modulus mu of  0.250E+12 dyne/cm2
# assumed to be constant and characteristic
# of the fault shear zone
#
#
#
# "rake" (degrees) is the slip angle (Aki"s convention,
# e.g. rake=+45 means left-lateral-reverse movement.
#
#
# ************************************************
# Total seismic moment M0=  0.346E+28 dyne.cm
# ************************************************
#
#
PLANE 1
 121.35500    -8.47500   15    5   270.000    35.000
271.00  47.00     0.021     0.000    10.500
POINTS   75
 121.35640    -8.41080     7.700  271.00  47.00  0.1260E+13    0.00   4.54  -1  -1   108.37   337  4   0.0  0   0.0  0
       1.7         4.3        67.4         0.9
 122.33878    -8.29915    23.058  271.00  47.00  0.1260E+13   31.43   4.54  -1  -1    45.00     0  4   0.0  0   0.0  0
       0.0         0.0         0.0         0.0
 122.17542    -8.29633    23.058  271.00  47.00  0.1260E+13   26.41   4.54  -1  -1    45.00     0  4   0.0  0   0.0  0
       0.0         0.0         0.0         0.0
 122.01207    -8.29351    23.058  271.00  47.00  0.1260E+13   26.30   4.54  -1  -1    71.47   105  4   0.0  0   0.0  0
      16.4         3.5         3.0         0.2
 121.84872    -8.29069    23.058  271.00  47.00  0.1260E+13   31.73   4.54  -1  -1   101.92    85  4   0.0  0   0.0  0
       1.7         0.7         0.2        16.1
 121.68537    -8.28787    23.058  271.00  47.00  0.1260E+13   27.81   4.54  -1  -1    98.67   112  4   0.0  0   0.0  0
       0.3         1.5         6.7        16.1
 121.52202    -8.28505    23.058  271.00  47.00  0.1260E+13   11.54   4.54  -1  -1    50.33   242  4   0.0  0   0.0  0
      39.3        12.5         0.2         1.2
 121.35867    -8.28223    23.058  271.00  47.00  0.1260E+13   20.79   4.54  -1  -1    84.35   214  4   0.0  0   0.0  0
      28.2        14.7         1.1         3.1
 121.19532    -8.27940    23.058  271.00  47.00  0.1260E+13   17.49   4.54  -1  -1    47.65   206  4   0.0  0   0.0  0
      11.0        22.4         9.1         3.0
 121.03197    -8.27658    23.058  271.00  47.00  0.1260E+13   26.43   4.54  -1  -1   106.10   182  4   0.0  0   0.0  0
       4.8         3.0        18.9        13.4
 120.86861    -8.27376    23.058  271.00  47.00  0.1260E+13   29.15   4.54  -1  -1    77.17   220  4   0.0  0   0.0  0
      12.9         7.9         8.5        19.1
 120.70526    -8.27094    23.058  271.00  47.00  0.1260E+13   27.21   4.54  -1  -1    91.74   255  4   0.0  0   0.0  0
      29.3         7.1        19.6         0.2
 120.54192    -8.26812    23.058  271.00  47.00  0.1260E+13   32.48   4.54  -1  -1    73.96   178  4   0.0  0   0.0  0
      32.0         1.7         0.6         4.9
 120.37856    -8.26530    23.058  271.00  47.00  0.1260E+13   31.94   4.54  -1  -1   131.07   227  4   0.0  0   0.0  0
      15.5        11.8        22.6         0.2
 120.21521    -8.26248    23.058  271.00  47.00  0.1260E+13   32.76   4.54  -1  -1    45.00     0  4   0.0  0   0.0  0
       0.0         0.0         0.0         0.0
 122.50137    -8.34483    17.939  271.00  47.00  0.1260E+13   32.76   4.54  -1  -1    45.00     0  4   0.0  0   0.0  0
       0.0         0.0         0.0         0.0
 122.33802    -8.34201    17.939  271.00  47.00  0.1260E+13   31.11   4.54  -1  -1    45.00     0  4   0.0  0   0.0  0
       0.0         0.0         0.0         0.0
 122.17467    -8.33919    17.939  271.00  47.00  0.1260E+13   26.02   4.54  -1  -1    45.00     0  4   0.0  0   0.0  0
       0.0         0.0         0.0         0.0
 122.01131    -8.33637    17.939  271.00  47.00  0.1260E+13   27.82   4.54  -1  -1    75.70    80  4   0.0  0   0.0  0
      11.2         0.6         1.3         4.4
 121.84796    -8.33355    17.939  271.00  47.00  0.1260E+13   22.11   4.54  -1  -1   124.35   142  4   0.0  0   0.0  0
       7.6         8.5        12.6         2.7
 121.68462    -8.33072    17.939  271.00  47.00  0.1260E+13   21.00   4.54  -1  -1   128.31   133  4   0.0  0   0.0  0
       7.5         6.0        12.3         3.5
 121.52126    -8.32790    17.939  271.00  47.00  0.1260E+13    8.43   4.54  -1  -1    74.97   188  4   0.0  0   0.0  0
       8.8        25.5         6.8         0.2
 121.35791    -8.32508    17.939  271.00  47.00  0.1260E+13    5.20   4.54  -1  -1    85.01   283  4   0.0  0   0.0  0
      26.1        21.7        10.7         3.8
 121.19456    -8.32226    17.939  271.00  47.00  0.1260E+13   10.64   4.54  -1  -1    49.89   203  4   0.0  0   0.0  0
      11.6        14.0        12.1         7.0
 121.03121    -8.31944    17.939  271.00  47.00  0.1260E+13   11.35   4.54  -1  -1   115.08   187  4   0.0  0   0.0  0
      15.4         4.7        13.6         7.3
 120.86786    -8.31662    17.939  271.00  47.00  0.1260E+13   29.94   4.54  -1  -1    73.98   221  4   0.0  0   0.0  0
      23.1         7.2         6.3        12.2
 120.70451    -8.31380    17.939  271.00  47.00  0.1260E+13   23.54   4.54  -1  -1    95.74   227  4   0.0  0   0.0  0
      14.4        19.0         3.9        12.6
 120.54116    -8.31098    17.939  271.00  47.00  0.1260E+13   32.55   4.54  -1  -1    65.94   200  4   0.0  0   0.0  0
      11.4         9.7         9.5        13.4
 120.37781    -8.30816    17.939  271.00  47.00  0.1260E+13   31.29   4.54  -1  -1   114.56   222  4   0.0  0   0.0  0
       6.0         1.8        37.9         3.2
 120.21445    -8.30534    17.939  271.00  47.00  0.1260E+13   32.76   4.54  -1  -1    45.00     0  4   0.0  0   0.0  0
       0.0         0.0         0.0         0.0
 122.50061    -8.38769    12.819  271.00  47.00  0.1260E+13   32.76   4.54  -1  -1    45.00     0  4   0.0  0   0.0  0
       0.0         0.0         0.0         0.0
 122.33727    -8.38487    12.819  271.00  47.00  0.1260E+13   30.92   4.54  -1  -1    45.00     0  4   0.0  0   0.0  0
       0.0         0.0         0.0         0.0
 122.17391    -8.38204    12.819  271.00  47.00  0.1260E+13   25.79   4.54  -1  -1    45.00     0  4   0.0  0   0.0  0
       0.0         0.0         0.0         0.0
 122.01056    -8.37922    12.819  271.00  47.00  0.1260E+13   29.14   4.54  -1  -1    80.72    92  4   0.0  0   0.0  0
      13.7         0.5         5.0         1.1
 121.84721    -8.37640    12.819  271.00  47.00  0.1260E+13   24.62   4.54  -1  -1    99.04   111  4   0.0  0   0.0  0
      12.4         3.7         6.6         1.8
 121.68386    -8.37358    12.819  271.00  47.00  0.1260E+13   19.96   4.54  -1  -1    93.26   108  4   0.0  0   0.0  0
       2.7         8.3         1.0        11.9
 121.52051    -8.37076    12.819  271.00  47.00  0.1260E+13   11.04   4.54  -1  -1    55.40   225  4   0.0  0   0.0  0
      33.0        11.3         5.1         0.2
 121.35715    -8.36794    12.819  271.00  47.00  0.1260E+13    2.95   4.54  -1  -1    95.64   285  4   0.0  0   0.0  0
      11.4        39.0        11.7         0.8
 121.19380    -8.36512    12.819  271.00  47.00  0.1260E+13   14.25   4.54  -1  -1    58.32   217  4   0.0  0   0.0  0
      22.8        14.2         7.6         3.3
 121.03046    -8.36230    12.819  271.00  47.00  0.1260E+13   26.54   4.54  -1  -1    63.44   214  4   0.0  0   0.0  0
       8.8        19.3        11.3         7.6
 120.86710    -8.35948    12.819  271.00  47.00  0.1260E+13   30.25   4.54  -1  -1   106.46   248  4   0.0  0   0.0  0
      30.4         1.7        10.0        12.5
 120.70375    -8.35666    12.819  271.00  47.00  0.1260E+13   27.81   4.54  -1  -1    70.22   230  4   0.0  0   0.0  0
       4.7        11.0        22.0        12.9
 120.54040    -8.35384    12.819  271.00  47.00  0.1260E+13   32.51   4.54  -1  -1    89.28   228  4   0.0  0   0.0  0
      26.9        12.1        10.9         0.3
 120.37705    -8.35102    12.819  271.00  47.00  0.1260E+13   31.05   4.54  -1  -1   114.03   229  4   0.0  0   0.0  0
      23.8         0.2        23.5         3.0
 120.21370    -8.34820    12.819  271.00  47.00  0.1260E+13   32.76   4.54  -1  -1    45.00     0  4   0.0  0   0.0  0
       0.0         0.0         0.0         0.0
 122.49986    -8.43054     7.700  271.00  47.00  0.1260E+13   32.76   4.54  -1  -1    45.00     0  4   0.0  0   0.0  0
       0.0         0.0         0.0         0.0
 122.33650    -8.42772     7.700  271.00  47.00  0.1260E+13   30.86   4.54  -1  -1    45.00     0  4   0.0  0   0.0  0
       0.0         0.0         0.0         0.0
 122.17316    -8.42490     7.700  271.00  47.00  0.1260E+13   25.71   4.54  -1  -1    45.00     0  4   0.0  0   0.0  0
       0.0         0.0         0.0         0.0
 122.00980    -8.42208     7.700  271.00  47.00  0.1260E+13   20.72   4.54  -1  -1    95.85    55  4   0.0  0   0.0  0
       0.4         1.6         5.7         4.5
 121.84645    -8.41926     7.700  271.00  47.00  0.1260E+13   25.26   4.54  -1  -1   127.07   102  4   0.0  0   0.0  0
      12.9         2.1         5.1         2.3
 121.68310    -8.41644     7.700  271.00  47.00  0.1260E+13   18.78   4.54  -1  -1   120.59   133  4   0.0  0   0.0  0
      14.8         5.1         1.8         7.5
 121.51975    -8.41362     7.700  271.00  47.00  0.1260E+13   12.70   4.54  -1  -1    91.35   229  4   0.0  0   0.0  0
      27.7        10.0         6.2         6.7
 122.50213    -8.30197    23.058  271.00  47.00  0.1260E+13   32.76   4.54  -1  -1    45.00     0  4   0.0  0   0.0  0
       0.0         0.0         0.0         0.0
 121.19305    -8.40798     7.700  271.00  47.00  0.1260E+13   10.42   4.54  -1  -1    50.28   241  4   0.0  0   0.0  0
      12.3        25.4         6.5         9.0
 121.02970    -8.40516     7.700  271.00  47.00  0.1260E+13   22.86   4.54  -1  -1    68.01   194  4   0.0  0   0.0  0
      10.3        15.9         7.2         9.5
 120.86635    -8.40234     7.700  271.00  47.00  0.1260E+13   21.04   4.54  -1  -1    64.44   262  4   0.0  0   0.0  0
      27.6        13.0         6.9        10.1
 120.70300    -8.39952     7.700  271.00  47.00  0.1260E+13   23.81   4.54  -1  -1   100.55   313  4   0.0  0   0.0  0
      24.9        43.8         0.2         0.2
 120.53964    -8.39670     7.700  271.00  47.00  0.1260E+13   32.60   4.54  -1  -1    60.54   227  4   0.0  0   0.0  0
       0.2        12.2        14.8        22.7
 120.37630    -8.39388     7.700  271.00  47.00  0.1260E+13   30.92   4.54  -1  -1   110.13   198  4   0.0  0   0.0  0
      20.4         0.2        19.0         4.1
 120.21294    -8.39106     7.700  271.00  47.00  0.1260E+13   32.76   4.54  -1  -1    45.00     0  4   0.0  0   0.0  0
       0.0         0.0         0.0         0.0
 122.49910    -8.47340     2.581  271.00  47.00  0.1260E+13   32.76   4.54  -1  -1    45.00     0  4   0.0  0   0.0  0
       0.0         0.0         0.0         0.0
 122.33575    -8.47058     2.581  271.00  47.00  0.1260E+13   30.92   4.54  -1  -1    45.00     0  4   0.0  0   0.0  0
       0.0         0.0         0.0         0.0
 122.17240    -8.46776     2.581  271.00  47.00  0.1260E+13   25.79   4.54  -1  -1    45.00     0  4   0.0  0   0.0  0
       0.0         0.0         0.0         0.0
 122.00905    -8.46494     2.581  271.00  47.00  0.1260E+13   30.31   4.54  -1  -1    91.45    62  4   0.0  0   0.0  0
       2.0         0.8         1.4         9.4
 121.84570    -8.46212     2.581  271.00  47.00  0.1260E+13   17.60   4.54  -1  -1   100.42   115  4   0.0  0   0.0  0
       8.5        11.9         3.7         1.3
 121.68234    -8.45930     2.581  271.00  47.00  0.1260E+13   11.83   4.54  -1  -1    88.38   136  4   0.0  0   0.0  0
       8.8        16.4         3.3         1.4
 121.51900    -8.45648     2.581  271.00  47.00  0.1260E+13    7.93   4.54  -1  -1    95.47   237  4   0.0  0   0.0  0
      10.3        28.0         5.1         8.7
 121.35564    -8.45366     2.581  271.00  47.00  0.1260E+13    2.38   4.54  -1  -1   100.95   276  4   0.0  0   0.0  0
      12.8        41.6         4.2         2.2
 121.19229    -8.45084     2.581  271.00  47.00  0.1260E+13   16.24   4.54  -1  -1    81.86   251  4   0.0  0   0.0  0
      14.4        38.0         2.3         0.6
 121.02894    -8.44802     2.581  271.00  47.00  0.1260E+13   18.54   4.54  -1  -1    93.95   218  4   0.0  0   0.0  0
      12.1        28.8         0.4         6.6
 120.86559    -8.44520     2.581  271.00  47.00  0.1260E+13   16.14   4.54  -1  -1   105.20   241  4   0.0  0   0.0  0
      12.6        10.5         0.2        29.6
 120.70224    -8.44238     2.581  271.00  47.00  0.1260E+13   23.39   4.54  -1  -1   117.86   372  4   0.0  0   0.0  0
      40.4        26.7         0.2        14.8
 120.53889    -8.43956     2.581  271.00  47.00  0.1260E+13   25.83   4.54  -1  -1    99.47   324  4   0.0  0   0.0  0
      24.9        28.5        12.8         5.1
 120.37553    -8.43673     2.581  271.00  47.00  0.1260E+13   32.56   4.54  -1  -1   101.48   164  4   0.0  0   0.0  0
      10.2        21.0         0.3         4.6
 120.21219    -8.43391     2.581  271.00  47.00  0.1260E+13   32.76   4.54  -1  -1    45.00     0  4   0.0  0   0.0  0
       0.0         0.0         0.0         0.0
