 RECTANGULAR fault MODEL

All subfaults are   6.0 km long along strike and
  5.4 km wide along dip

Model length along strike is   54.0 km

Model width along dip is   27.0 km

 Corners of the rectangular dislocation model (lat, lon):
    52.211  -169.813 : corner 1
    52.424  -169.099 : corner 2
    52.339  -169.031 : corner 3
    52.126  -169.745 : corner 4


 Number of elementary moment rate
 isoceles triangular functions
 per subfault:            4

 Half duration of elementary moment rate
 isoceles triangular functions (s):    1.66999996    

 seismic moment rate unit: dyne.cm
 (1 dyne.cm = 10E-7 N.m)


 Seismic moment is converted into slip
 using a single constant value for the
shear modulus mu of  0.250E+12 dyne/cm2
 assumed to be constant and characteristic
 of the fault shear zone


 "Lat, lon, depth" below are the coord                          in degrees of the subfaults centers

 "rake" (degrees) is the slip angle (Aki"s convention,
 e.g. rake=+45 means left-lateral-reverse movement.

 "ontime" is the rupture onset time in seconds of the subfault.

 amp1, amp2, amp3 and amp4 are the amplitudes
 of the isoceles triangular functions representing
 the moment rate function. Triangles are
 overlapping each other by half

 ************************************************
 Total seismic moment M0=    2.14306133E+25  dyne.cm
 ************************************************

 ================================================

      Lat     Lon      depth(km) strike    dip    rake  ontime       slip(cm)  amp1(dyne.cm/s) amp2(dyne.cm/s) amp3(dyne.cm/s)         	amp4(dyne.cm/s)       M0_subf

    52.258  -169.409    17.500    64.0    67.0    93.1   0.0         23      0.877320E+24      0.345440E+23      0.195510E+23      0.160750E+24         0.182392E+25 : hypocenter
    52.170  -169.633    22.471    64.0    67.0    45.0   5.4          0      0.341820E+20      0.341820E+20      0.341820E+20      0.341820E+20         0.228336E+21
    52.193  -169.554    22.471    64.0    67.0   120.8   4.8         12      0.355160E+24      0.638790E+23      0.161450E+24      0.736920E+22         0.981723E+24
    52.217  -169.475    22.471    64.0    67.0    86.0   3.7         22      0.572720E+24      0.185210E+24      0.177580E+24      0.117330E+24         0.175824E+25
    52.241  -169.395    22.471    64.0    67.0    78.4   2.6         31      0.217240E+24      0.481470E+24      0.661240E+24      0.134140E+24         0.249513E+25
    52.265  -169.316    22.471    64.0    67.0   104.2   5.2         23      0.151430E+24      0.388290E+24      0.478970E+24      0.870560E+23         0.184660E+25
    52.288  -169.236    22.471    64.0    67.0    45.0   3.8          0      0.341820E+20      0.341820E+20      0.341820E+20      0.341820E+20         0.228336E+21
    52.312  -169.157    22.471    64.0    67.0    45.0   5.4          0      0.341820E+20      0.341820E+20      0.341820E+20      0.341820E+20         0.228336E+21
    52.336  -169.078    22.471    64.0    67.0    45.0   7.0          0      0.341820E+20      0.341820E+20      0.341820E+20      0.341820E+20         0.228336E+21
    52.163  -169.726    17.500    64.0    67.0    45.0   6.9          0      0.341820E+20      0.341820E+20      0.341820E+20      0.341820E+20         0.228336E+21
    52.187  -169.647    17.500    64.0    67.0    45.0   5.1          0      0.341820E+20      0.341820E+20      0.341820E+20      0.341820E+20         0.228336E+21
    52.211  -169.568    17.500    64.0    67.0   132.7   6.7          2      0.219420E+23      0.753540E+23      0.766440E+22      0.735100E+22         0.187560E+24
    52.234  -169.488    17.500    64.0    67.0    98.6   1.9          6      0.190970E+24      0.734270E+23      0.849770E+22      0.173680E+23         0.484739E+24
    52.146  -169.713    22.471    64.0    67.0    45.0   7.0          0      0.341820E+20      0.341820E+20      0.341820E+20      0.341820E+20         0.228336E+21
    52.282  -169.329    17.500    64.0    67.0    63.2   4.9          7      0.669360E+22      0.563650E+23      0.247910E+24      0.200990E+23         0.552883E+24
    52.305  -169.250    17.500    64.0    67.0    45.0   3.4          0      0.341820E+20      0.341820E+20      0.341820E+20      0.341820E+20         0.228336E+21
    52.329  -169.171    17.500    64.0    67.0    45.0   5.1          0      0.341820E+20      0.341820E+20      0.341820E+20      0.341820E+20         0.228336E+21
    52.353  -169.091    17.500    64.0    67.0    45.0   6.9          0      0.341820E+20      0.341820E+20      0.341820E+20      0.341820E+20         0.228336E+21
    52.180  -169.740    12.529    64.0    67.0    45.0   7.0          0      0.341820E+20      0.341820E+20      0.341820E+20      0.341820E+20         0.228336E+21
    52.204  -169.660    12.529    64.0    67.0    45.0   5.4          0      0.341820E+20      0.341820E+20      0.341820E+20      0.341820E+20         0.228336E+21
    52.228  -169.581    12.529    64.0    67.0   119.9   7.7          3      0.259750E+23      0.485310E+23      0.441290E+23      0.601810E+22         0.208171E+24
    52.251  -169.502    12.529    64.0    67.0   106.9   7.8          6      0.258360E+23      0.535160E+22      0.689030E+23      0.208570E+24         0.515463E+24
    52.275  -169.422    12.529    64.0    67.0    88.6   2.7         16      0.555410E+24      0.598370E+22      0.110900E+23      0.181020E+24         0.125835E+25
    52.299  -169.343    12.529    64.0    67.0    98.1   3.5          5      0.131340E+23      0.450140E+22      0.278120E+23      0.173070E+24         0.364924E+24
    52.322  -169.264    12.529    64.0    67.0    45.0   3.8          0      0.341820E+20      0.341820E+20      0.341820E+20      0.341820E+20         0.228336E+21
    52.346  -169.184    12.529    64.0    67.0    45.0   5.4          0      0.341820E+20      0.341820E+20      0.341820E+20      0.341820E+20         0.228336E+21
    52.370  -169.105    12.529    64.0    67.0    45.0   7.0          0      0.341820E+20      0.341820E+20      0.341820E+20      0.341820E+20         0.228336E+21
    52.197  -169.753     7.559    64.0    67.0    45.0   7.5          0      0.341820E+20      0.341820E+20      0.341820E+20      0.341820E+20         0.228336E+21
    52.221  -169.674     7.559    64.0    67.0    45.0   6.0          0      0.341820E+20      0.341820E+20      0.341820E+20      0.341820E+20         0.228336E+21
    52.245  -169.595     7.559    64.0    67.0   126.1   6.9          4      0.648610E+23      0.866740E+23      0.166800E+23      0.495400E+22         0.289192E+24
    52.268  -169.515     7.559    64.0    67.0   100.4   6.9          9      0.403760E+24      0.467120E+22      0.577740E+22      0.387910E+23         0.756509E+24
    52.292  -169.436     7.559    64.0    67.0    73.2   3.4         11      0.359340E+24      0.735150E+22      0.102870E+24      0.620760E+23         0.887835E+24
    52.316  -169.357     7.559    64.0    67.0    46.6   4.5         10      0.633260E+23      0.188810E+24      0.240240E+24      0.522680E+22         0.830997E+24
    52.339  -169.277     7.559    64.0    67.0    45.0   4.6          0      0.341820E+20      0.341820E+20      0.341820E+20      0.341820E+20         0.228336E+21
    52.363  -169.198     7.559    64.0    67.0    45.0   6.0          0      0.341820E+20      0.341820E+20      0.341820E+20      0.341820E+20         0.228336E+21
    52.387  -169.119     7.559    64.0    67.0    45.0   7.5          0      0.341820E+20      0.341820E+20      0.341820E+20      0.341820E+20         0.228336E+21
    52.214  -169.767     2.588    64.0    67.0    45.0   8.1          0      0.341820E+20      0.341820E+20      0.341820E+20      0.341820E+20         0.228336E+21
    52.238  -169.688     2.588    64.0    67.0    45.0   6.9          0      0.341820E+20      0.341820E+20      0.341820E+20      0.341820E+20         0.228336E+21
    52.262  -169.608     2.588    64.0    67.0   126.1   6.0         18      0.582120E+24      0.253540E+24      0.793790E+22      0.566800E+22         0.141827E+25
    52.285  -169.529     2.588    64.0    67.0   134.7   5.2         14      0.393100E+24      0.259550E+24      0.707470E+22      0.425960E+22         0.110885E+25
    52.309  -169.450     2.588    64.0    67.0   106.7   4.6         24      0.115590E+25      0.131790E+23      0.747940E+22      0.516970E+22         0.197349E+25
    52.333  -169.370     2.588    64.0    67.0    49.5   5.8         21      0.960260E+24      0.215380E+23      0.211690E+23      0.426340E+22         0.168207E+25
    52.357  -169.291     2.588    64.0    67.0    45.0   5.8          0      0.341820E+20      0.341820E+20      0.341820E+20      0.341820E+20         0.228336E+21
    52.380  -169.212     2.588    64.0    67.0    45.0   6.9          0      0.341820E+20      0.341820E+20      0.341820E+20      0.341820E+20         0.228336E+21
    52.404  -169.132     2.588    64.0    67.0    45.0   8.1          0      0.341820E+20      0.341820E+20      0.341820E+20      0.341820E+20         0.228336E+21
