 RECTANGULAR fault MODEL

All subfaults are   6.0 km long along strike and
 11.0 km wide along dip

Model length along strike is   54.0 km

Model width along dip is   55.0 km

 Corners of the rectangular dislocation model (lat, lon):
    52.078  -168.823 : corner 1
    51.864  -169.537 : corner 2
    52.274  -169.864 : corner 3
    52.488  -169.150 : corner 4


 Number of elementary moment rate
 isoceles triangular functions
 per subfault:            4

 Half duration of elementary moment rate
 isoceles triangular functions (s):    1.66999996    

 seismic moment rate unit: dyne.cm
 (1 dyne.cm = 10E-7 N.m)


 Seismic moment is converted into slip
 using a single constant value for the
shear modulus mu of  0.250E+12 dyne/cm2
 assumed to be constant and characteristic
 of the fault shear zone


 "Lat, lon, depth" below are the coord                          in degrees of the subfaults centers

 "rake" (degrees) is the slip angle (Aki"s convention,
 e.g. rake=+45 means left-lateral-reverse movement.

 "ontime" is the rupture onset time in seconds of the subfault.

 amp1, amp2, amp3 and amp4 are the amplitudes
 of the isoceles triangular functions representing
 the moment rate function. Triangles are
 overlapping each other by half

 ************************************************
 Total seismic moment M0=    1.89296764E+25  dyne.cm
 ************************************************

 ================================================

      Lat     Lon      depth(km) strike    dip    rake  ontime       slip(cm)  amp1(dyne.cm/s) amp2(dyne.cm/s) amp3(dyne.cm/s)         	amp4(dyne.cm/s)       M0_subf

    52.258  -169.409    25.000   244.0    23.0    78.5   0.0         12      0.113050E+25      0.135510E+23      0.246100E+23      0.150900E+23         0.197686E+25 : hypocenter
    52.411  -169.236    29.298   244.0    23.0    45.0   6.0          0      0.696300E+20      0.696300E+20      0.696300E+20      0.696300E+20         0.465128E+21
    52.387  -169.315    29.298   244.0    23.0    63.4   5.1          1      0.111330E+23      0.149150E+23      0.157460E+23      0.891740E+22         0.846880E+23
    52.364  -169.395    29.298   244.0    23.0   115.8   7.2          0      0.102550E+23      0.151270E+23      0.122920E+23      0.890120E+22         0.777806E+23
    52.340  -169.474    29.298   244.0    23.0    81.2   3.7          1      0.948890E+22      0.163550E+23      0.158330E+23      0.887230E+22         0.844172E+23
    52.316  -169.553    29.298   244.0    23.0   100.8   3.7          0      0.124470E+23      0.110180E+23      0.982910E+22      0.903270E+22         0.706858E+23
    52.292  -169.633    29.298   244.0    23.0   131.3   5.5          0      0.968760E+22      0.881290E+22      0.926150E+22      0.923430E+22         0.617838E+23
    52.269  -169.712    29.298   244.0    23.0   134.6   6.2          0      0.858790E+22      0.107980E+23      0.831230E+22      0.116220E+23         0.656647E+23
    52.245  -169.792    29.298   244.0    23.0    45.0   7.5          0      0.696300E+20      0.696300E+20      0.696300E+20      0.696300E+20         0.465128E+21
    52.353  -169.091    25.000   244.0    23.0    45.0   6.9          0      0.696300E+20      0.696300E+20      0.696300E+20      0.696300E+20         0.465128E+21
    52.329  -169.171    25.000   244.0    23.0    45.0   5.1          0      0.696300E+20      0.696300E+20      0.696300E+20      0.696300E+20         0.465128E+21
    52.305  -169.250    25.000   244.0    23.0   122.6   3.6          7      0.681450E+24      0.226210E+23      0.127550E+23      0.896210E+22         0.121207E+25
    52.282  -169.329    25.000   244.0    23.0   100.0   3.2          2      0.202460E+23      0.186680E+24      0.207760E+23      0.100560E+23         0.397056E+24
    52.435  -169.157    29.298   244.0    23.0    45.0   7.5          0      0.696300E+20      0.696300E+20      0.696300E+20      0.696300E+20         0.465128E+21
    52.234  -169.488    25.000   244.0    23.0    86.8   1.9          1      0.153210E+23      0.503560E+23      0.369350E+23      0.143770E+23         0.195372E+24
    52.211  -169.568    25.000   244.0    23.0   128.7   3.8          3      0.470020E+23      0.217840E+24      0.146730E+23      0.947260E+22         0.482609E+24
    52.187  -169.647    25.000   244.0    23.0    82.8   5.2          5      0.483600E+24      0.155210E+23      0.976830E+22      0.103380E+23         0.867110E+24
    52.163  -169.726    25.000   244.0    23.0    45.0   6.9          0      0.696300E+20      0.696300E+20      0.696300E+20      0.696300E+20         0.465128E+21
    52.271  -169.026    20.702   244.0    23.0    45.0   7.5          0      0.696300E+20      0.696300E+20      0.696300E+20      0.696300E+20         0.465128E+21
    52.247  -169.105    20.702   244.0    23.0    45.0   6.0          0      0.696300E+20      0.696300E+20      0.696300E+20      0.696300E+20         0.465128E+21
    52.223  -169.185    20.702   244.0    23.0    70.5   5.0          7      0.329130E+24      0.192800E+24      0.161380E+24      0.934980E+22         0.115674E+25
    52.200  -169.264    20.702   244.0    23.0    91.0   3.7         16      0.140360E+25      0.702950E+23      0.135170E+24      0.140060E+23         0.271053E+25
    52.176  -169.343    20.702   244.0    23.0    98.9   3.6         24      0.189270E+25      0.146870E+23      0.433550E+24      0.228550E+23         0.394753E+25
    52.152  -169.423    20.702   244.0    23.0   101.0   3.6         12      0.859790E+24      0.128370E+23      0.257960E+24      0.115010E+23         0.190729E+25
    52.129  -169.502    20.702   244.0    23.0   128.6   6.2          3      0.125370E+24      0.151920E+24      0.378690E+23      0.929040E+22         0.541830E+24
    52.105  -169.582    20.702   244.0    23.0   131.0   7.2          5      0.342500E+24      0.918570E+23      0.967820E+22      0.137740E+23         0.764541E+24
    52.081  -169.661    20.702   244.0    23.0    45.0   7.5          0      0.696300E+20      0.696300E+20      0.696300E+20      0.696300E+20         0.465128E+21
    52.189  -168.961    16.404   244.0    23.0    45.0   8.1          0      0.696300E+20      0.696300E+20      0.696300E+20      0.696300E+20         0.465128E+21
    52.165  -169.040    16.404   244.0    23.0    45.0   8.1          0      0.696300E+20      0.696300E+20      0.696300E+20      0.696300E+20         0.465128E+21
    52.141  -169.119    16.404   244.0    23.0    45.1   7.2          3      0.307910E+24      0.128970E+23      0.106380E+23      0.847750E+22         0.567671E+24
    52.118  -169.199    16.404   244.0    23.0    49.6   6.7          2      0.172020E+24      0.104100E+23      0.780300E+22      0.895590E+22         0.332645E+24
    52.094  -169.278    16.404   244.0    23.0    64.6   6.3          2      0.178330E+24      0.865940E+22      0.137470E+23      0.129250E+23         0.356815E+24
    52.070  -169.358    16.404   244.0    23.0    93.0   6.5          3      0.294320E+24      0.931280E+22      0.906080E+22      0.891510E+22         0.537087E+24
    52.047  -169.437    16.404   244.0    23.0   134.7   7.3          0      0.824380E+22      0.844220E+22      0.906350E+22      0.903330E+22         0.580873E+23
    52.023  -169.516    16.404   244.0    23.0   134.5   8.1          0      0.788380E+22      0.997050E+22      0.991880E+22      0.124920E+23         0.672427E+23
    51.999  -169.596    16.404   244.0    23.0    45.0   8.1          0      0.696300E+20      0.696300E+20      0.696300E+20      0.696300E+20         0.465128E+21
    52.107  -168.895    12.106   244.0    23.0    45.0   8.1          0      0.696300E+20      0.696300E+20      0.696300E+20      0.696300E+20         0.465128E+21
    52.083  -168.975    12.106   244.0    23.0    45.0   8.1          0      0.696300E+20      0.696300E+20      0.696300E+20      0.696300E+20         0.465128E+21
    52.059  -169.054    12.106   244.0    23.0    75.2   8.1          0      0.889580E+22      0.875950E+22      0.914980E+22      0.130830E+23         0.666131E+23
    52.036  -169.133    12.106   244.0    23.0   117.1   8.1          0      0.110680E+23      0.941190E+22      0.888680E+22      0.101040E+23         0.659161E+23
    52.012  -169.213    12.106   244.0    23.0   118.9   8.1          0      0.960050E+22      0.107780E+23      0.888750E+22      0.994520E+22         0.654827E+23
    51.988  -169.292    12.106   244.0    23.0   134.2   8.1          0      0.108090E+23      0.897080E+22      0.946390E+22      0.950220E+22         0.647057E+23
    51.965  -169.372    12.106   244.0    23.0   133.6   8.1          0      0.798040E+22      0.841850E+22      0.105720E+23      0.840690E+22         0.590809E+23
    51.941  -169.451    12.106   244.0    23.0   131.7   8.1          0      0.127160E+23      0.993160E+22      0.133460E+23      0.100040E+23         0.768160E+23
    51.917  -169.530    12.106   244.0    23.0    45.0   8.1          0      0.696300E+20      0.696300E+20      0.696300E+20      0.696300E+20         0.465128E+21
