2.0
#
# http://equake-rc.info/static/paper/SRF-Description-Graves_2.0.pdf
# RECTANGULAR fault MODEL
#
# All subfaults are   6.0 km long along strike and
#  11.0 km wide along dip
#
# Model length along strike is   54.0 km
#
# Model width along dip is   55.0 km
#
# Corners of the rectangular dislocation model (lat, lon):
#     52.078  -168.823 : corner 1
#     51.864  -169.537 : corner 2
#     52.274  -169.864 : corner 3
#     52.488  -169.150 : corner 4
#
#
# Number of elementary sliprate
# isoceles triangular functions
# per subfault:   4
#
# Half duration of elementary sliprate
# isoceles triangular functions (s):   1.67
# Triangles are overlapping each other by half
#
# slip rate unit: cm/s
#
#
# Seismic moment is converted into slip
# using a single constant value for the
# shear modulus mu of  0.250E+12 dyne/cm2
# assumed to be constant and characteristic
# of the fault shear zone
#
#
#
# "rake" (degrees) is the slip angle (Aki"s convention,
# e.g. rake=+45 means left-lateral-reverse movement.
#
#
# ************************************************
# Total seismic moment M0=  0.189E+26 dyne.cm
# ************************************************
#
#
PLANE 1
-169.17999    51.97100    9    5    54.000    55.000
244.00  23.00     9.957     0.000    38.502
POINTS   45
-169.40880    52.25790    25.000  244.00  23.00  0.6600E+12    0.00   1.67  -1  -1    78.48    12  4   0.0  0   0.0  0
       6.9         0.1         0.1         0.1
-169.23604    52.41096    29.298  244.00  23.00  0.6600E+12    6.03   1.67  -1  -1    45.00     0  4   0.0  0   0.0  0
       0.0         0.0         0.0         0.0
-169.31540    52.38726    29.298  244.00  23.00  0.6600E+12    5.13   1.67  -1  -1    63.43     1  4   0.0  0   0.0  0
       0.1         0.1         0.1         0.1
-169.39476    52.36357    29.298  244.00  23.00  0.6600E+12    7.16   1.67  -1  -1   115.77     0  4   0.0  0   0.0  0
       0.1         0.1         0.1         0.1
-169.47412    52.33988    29.298  244.00  23.00  0.6600E+12    3.72   1.67  -1  -1    81.24     1  4   0.0  0   0.0  0
       0.1         0.1         0.1         0.1
-169.55348    52.31618    29.298  244.00  23.00  0.6600E+12    3.69   1.67  -1  -1   100.85     0  4   0.0  0   0.0  0
       0.1         0.1         0.1         0.1
-169.63284    52.29249    29.298  244.00  23.00  0.6600E+12    5.46   1.67  -1  -1   131.26     0  4   0.0  0   0.0  0
       0.1         0.1         0.1         0.1
-169.71220    52.26880    29.298  244.00  23.00  0.6600E+12    6.18   1.67  -1  -1   134.56     0  4   0.0  0   0.0  0
       0.1         0.1         0.1         0.1
-169.79156    52.24511    29.298  244.00  23.00  0.6600E+12    7.54   1.67  -1  -1    45.00     0  4   0.0  0   0.0  0
       0.0         0.0         0.0         0.0
-169.09135    52.35267    25.000  244.00  23.00  0.6600E+12    6.86   1.67  -1  -1    45.00     0  4   0.0  0   0.0  0
       0.0         0.0         0.0         0.0
-169.17072    52.32898    25.000  244.00  23.00  0.6600E+12    5.14   1.67  -1  -1    45.00     0  4   0.0  0   0.0  0
       0.0         0.0         0.0         0.0
-169.25008    52.30529    25.000  244.00  23.00  0.6600E+12    3.64   1.67  -1  -1   122.64     7  4   0.0  0   0.0  0
       4.1         0.1         0.1         0.1
-169.32944    52.28159    25.000  244.00  23.00  0.6600E+12    3.22   1.67  -1  -1    99.99     2  4   0.0  0   0.0  0
       0.1         1.1         0.1         0.1
-169.15668    52.43465    29.298  244.00  23.00  0.6600E+12    7.54   1.67  -1  -1    45.00     0  4   0.0  0   0.0  0
       0.0         0.0         0.0         0.0
-169.48816    52.23421    25.000  244.00  23.00  0.6600E+12    1.87   1.67  -1  -1    86.82     1  4   0.0  0   0.0  0
       0.1         0.3         0.2         0.1
-169.56752    52.21051    25.000  244.00  23.00  0.6600E+12    3.85   1.67  -1  -1   128.68     3  4   0.0  0   0.0  0
       0.3         1.3         0.1         0.1
-169.64688    52.18682    25.000  244.00  23.00  0.6600E+12    5.21   1.67  -1  -1    82.82     5  4   0.0  0   0.0  0
       2.9         0.1         0.1         0.1
-169.72624    52.16313    25.000  244.00  23.00  0.6600E+12    6.86   1.67  -1  -1    45.00     0  4   0.0  0   0.0  0
       0.0         0.0         0.0         0.0
-169.02603    52.27069    20.702  244.00  23.00  0.6600E+12    7.54   1.67  -1  -1    45.00     0  4   0.0  0   0.0  0
       0.0         0.0         0.0         0.0
-169.10539    52.24700    20.702  244.00  23.00  0.6600E+12    6.03   1.67  -1  -1    45.00     0  4   0.0  0   0.0  0
       0.0         0.0         0.0         0.0
-169.18475    52.22331    20.702  244.00  23.00  0.6600E+12    5.02   1.67  -1  -1    70.52     7  4   0.0  0   0.0  0
       2.0         1.2         1.0         0.1
-169.26411    52.19962    20.702  244.00  23.00  0.6600E+12    3.73   1.67  -1  -1    91.05    16  4   0.0  0   0.0  0
       8.5         0.4         0.8         0.1
-169.34348    52.17592    20.702  244.00  23.00  0.6600E+12    3.58   1.67  -1  -1    98.92    24  4   0.0  0   0.0  0
      11.5         0.1         2.6         0.1
-169.42284    52.15223    20.702  244.00  23.00  0.6600E+12    3.59   1.67  -1  -1   100.97    12  4   0.0  0   0.0  0
       5.2         0.1         1.6         0.1
-169.50220    52.12854    20.702  244.00  23.00  0.6600E+12    6.20   1.67  -1  -1   128.63     3  4   0.0  0   0.0  0
       0.8         0.9         0.2         0.1
-169.58156    52.10484    20.702  244.00  23.00  0.6600E+12    7.19   1.67  -1  -1   131.02     5  4   0.0  0   0.0  0
       2.1         0.6         0.1         0.1
-169.66092    52.08115    20.702  244.00  23.00  0.6600E+12    7.54   1.67  -1  -1    45.00     0  4   0.0  0   0.0  0
       0.0         0.0         0.0         0.0
-168.96071    52.18871    16.404  244.00  23.00  0.6600E+12    8.11   1.67  -1  -1    45.00     0  4   0.0  0   0.0  0
       0.0         0.0         0.0         0.0
-169.04007    52.16502    16.404  244.00  23.00  0.6600E+12    8.11   1.67  -1  -1    45.00     0  4   0.0  0   0.0  0
       0.0         0.0         0.0         0.0
-169.11943    52.14133    16.404  244.00  23.00  0.6600E+12    7.16   1.67  -1  -1    45.13     3  4   0.0  0   0.0  0
       1.9         0.1         0.1         0.1
-169.19879    52.11763    16.404  244.00  23.00  0.6600E+12    6.67   1.67  -1  -1    49.62     2  4   0.0  0   0.0  0
       1.0         0.1         0.0         0.1
-169.27815    52.09394    16.404  244.00  23.00  0.6600E+12    6.29   1.67  -1  -1    64.62     2  4   0.0  0   0.0  0
       1.1         0.1         0.1         0.1
-169.35751    52.07025    16.404  244.00  23.00  0.6600E+12    6.53   1.67  -1  -1    92.98     3  4   0.0  0   0.0  0
       1.8         0.1         0.1         0.1
-169.43687    52.04655    16.404  244.00  23.00  0.6600E+12    7.33   1.67  -1  -1   134.68     0  4   0.0  0   0.0  0
       0.0         0.1         0.1         0.1
-169.51624    52.02286    16.404  244.00  23.00  0.6600E+12    8.11   1.67  -1  -1   134.54     0  4   0.0  0   0.0  0
       0.0         0.1         0.1         0.1
-169.59560    51.99917    16.404  244.00  23.00  0.6600E+12    8.11   1.67  -1  -1    45.00     0  4   0.0  0   0.0  0
       0.0         0.0         0.0         0.0
-168.89539    52.10674    12.106  244.00  23.00  0.6600E+12    8.11   1.67  -1  -1    45.00     0  4   0.0  0   0.0  0
       0.0         0.0         0.0         0.0
-168.97475    52.08304    12.106  244.00  23.00  0.6600E+12    8.11   1.67  -1  -1    45.00     0  4   0.0  0   0.0  0
       0.0         0.0         0.0         0.0
-169.05411    52.05935    12.106  244.00  23.00  0.6600E+12    8.11   1.67  -1  -1    75.18     0  4   0.0  0   0.0  0
       0.1         0.1         0.1         0.1
-169.13347    52.03566    12.106  244.00  23.00  0.6600E+12    8.11   1.67  -1  -1   117.09     0  4   0.0  0   0.0  0
       0.1         0.1         0.1         0.1
-169.21283    52.01196    12.106  244.00  23.00  0.6600E+12    8.11   1.67  -1  -1   118.87     0  4   0.0  0   0.0  0
       0.1         0.1         0.1         0.1
-169.29219    51.98827    12.106  244.00  23.00  0.6600E+12    8.11   1.67  -1  -1   134.18     0  4   0.0  0   0.0  0
       0.1         0.1         0.1         0.1
-169.37155    51.96458    12.106  244.00  23.00  0.6600E+12    8.11   1.67  -1  -1   133.58     0  4   0.0  0   0.0  0
       0.0         0.1         0.1         0.1
-169.45091    51.94088    12.106  244.00  23.00  0.6600E+12    8.11   1.67  -1  -1   131.67     0  4   0.0  0   0.0  0
       0.1         0.1         0.1         0.1
-169.53027    51.91719    12.106  244.00  23.00  0.6600E+12    8.11   1.67  -1  -1    45.00     0  4   0.0  0   0.0  0
       0.0         0.0         0.0         0.0
