2.0
#
# http://equake-rc.info/static/paper/SRF-Description-Graves_2.0.pdf
# RECTANGULAR fault MODEL
#
# All subfaults are   6.0 km long along strike and
#   5.4 km wide along dip
#
# Model length along strike is   54.0 km
#
# Model width along dip is   27.0 km
#
# Corners of the rectangular dislocation model (lat, lon):
#     52.211  -169.813 : corner 1
#     52.424  -169.099 : corner 2
#     52.339  -169.031 : corner 3
#     52.126  -169.745 : corner 4
#
#
# Number of elementary sliprate
# isoceles triangular functions
# per subfault:   4
#
# Half duration of elementary sliprate
# isoceles triangular functions (s):   1.67
# Triangles are overlapping each other by half
#
# slip rate unit: cm/s
#
#
# Seismic moment is converted into slip
# using a single constant value for the
# shear modulus mu of  0.250E+12 dyne/cm2
# assumed to be constant and characteristic
# of the fault shear zone
#
#
#
# "rake" (degrees) is the slip angle (Aki"s convention,
# e.g. rake=+45 means left-lateral-reverse movement.
#
#
# ************************************************
# Total seismic moment M0=  0.214E+26 dyne.cm
# ************************************************
#
#
PLANE 1
-169.45599    52.31750    9    5    54.000    27.000
 64.00  67.00     0.103     0.000    18.898
POINTS   45
-169.40880    52.25790    17.500   64.00  67.00  0.3240E+12    0.00   1.67  -1  -1    93.07    23  4   0.0  0   0.0  0
      10.8         0.4         0.2         2.0
-169.63327    52.16974    22.471   64.00  67.00  0.3240E+12    5.37   1.67  -1  -1    45.00     0  4   0.0  0   0.0  0
       0.0         0.0         0.0         0.0
-169.55391    52.19343    22.471   64.00  67.00  0.3240E+12    4.84   1.67  -1  -1   120.75    12  4   0.0  0   0.0  0
       4.4         0.8         2.0         0.1
-169.47455    52.21712    22.471   64.00  67.00  0.3240E+12    3.74   1.67  -1  -1    86.00    22  4   0.0  0   0.0  0
       7.1         2.3         2.2         1.4
-169.39519    52.24082    22.471   64.00  67.00  0.3240E+12    2.63   1.67  -1  -1    78.37    31  4   0.0  0   0.0  0
       2.7         5.9         8.2         1.7
-169.31583    52.26451    22.471   64.00  67.00  0.3240E+12    5.22   1.67  -1  -1   104.21    23  4   0.0  0   0.0  0
       1.9         4.8         5.9         1.1
-169.23647    52.28820    22.471   64.00  67.00  0.3240E+12    3.76   1.67  -1  -1    45.00     0  4   0.0  0   0.0  0
       0.0         0.0         0.0         0.0
-169.15710    52.31190    22.471   64.00  67.00  0.3240E+12    5.37   1.67  -1  -1    45.00     0  4   0.0  0   0.0  0
       0.0         0.0         0.0         0.0
-169.07774    52.33559    22.471   64.00  67.00  0.3240E+12    7.03   1.67  -1  -1    45.00     0  4   0.0  0   0.0  0
       0.0         0.0         0.0         0.0
-169.72624    52.16313    17.500   64.00  67.00  0.3240E+12    6.86   1.67  -1  -1    45.00     0  4   0.0  0   0.0  0
       0.0         0.0         0.0         0.0
-169.64688    52.18682    17.500   64.00  67.00  0.3240E+12    5.14   1.67  -1  -1    45.00     0  4   0.0  0   0.0  0
       0.0         0.0         0.0         0.0
-169.56752    52.21051    17.500   64.00  67.00  0.3240E+12    6.66   1.67  -1  -1   132.73     2  4   0.0  0   0.0  0
       0.3         0.9         0.1         0.1
-169.48816    52.23421    17.500   64.00  67.00  0.3240E+12    1.89   1.67  -1  -1    98.59     6  4   0.0  0   0.0  0
       2.4         0.9         0.1         0.2
-169.71263    52.14605    22.471   64.00  67.00  0.3240E+12    7.03   1.67  -1  -1    45.00     0  4   0.0  0   0.0  0
       0.0         0.0         0.0         0.0
-169.32944    52.28159    17.500   64.00  67.00  0.3240E+12    4.88   1.67  -1  -1    63.18     7  4   0.0  0   0.0  0
       0.1         0.7         3.1         0.2
-169.25008    52.30529    17.500   64.00  67.00  0.3240E+12    3.43   1.67  -1  -1    45.00     0  4   0.0  0   0.0  0
       0.0         0.0         0.0         0.0
-169.17072    52.32898    17.500   64.00  67.00  0.3240E+12    5.14   1.67  -1  -1    45.00     0  4   0.0  0   0.0  0
       0.0         0.0         0.0         0.0
-169.09135    52.35267    17.500   64.00  67.00  0.3240E+12    6.86   1.67  -1  -1    45.00     0  4   0.0  0   0.0  0
       0.0         0.0         0.0         0.0
-169.73985    52.18021    12.529   64.00  67.00  0.3240E+12    7.03   1.67  -1  -1    45.00     0  4   0.0  0   0.0  0
       0.0         0.0         0.0         0.0
-169.66049    52.20390    12.529   64.00  67.00  0.3240E+12    5.37   1.67  -1  -1    45.00     0  4   0.0  0   0.0  0
       0.0         0.0         0.0         0.0
-169.58113    52.22760    12.529   64.00  67.00  0.3240E+12    7.66   1.67  -1  -1   119.90     3  4   0.0  0   0.0  0
       0.3         0.6         0.5         0.1
-169.50177    52.25129    12.529   64.00  67.00  0.3240E+12    7.84   1.67  -1  -1   106.90     6  4   0.0  0   0.0  0
       0.3         0.1         0.9         2.6
-169.42241    52.27498    12.529   64.00  67.00  0.3240E+12    2.67   1.67  -1  -1    88.57    16  4   0.0  0   0.0  0
       6.9         0.1         0.1         2.2
-169.34305    52.29868    12.529   64.00  67.00  0.3240E+12    3.47   1.67  -1  -1    98.06     5  4   0.0  0   0.0  0
       0.2         0.1         0.3         2.1
-169.26369    52.32237    12.529   64.00  67.00  0.3240E+12    3.76   1.67  -1  -1    45.00     0  4   0.0  0   0.0  0
       0.0         0.0         0.0         0.0
-169.18433    52.34606    12.529   64.00  67.00  0.3240E+12    5.37   1.67  -1  -1    45.00     0  4   0.0  0   0.0  0
       0.0         0.0         0.0         0.0
-169.10497    52.36975    12.529   64.00  67.00  0.3240E+12    7.03   1.67  -1  -1    45.00     0  4   0.0  0   0.0  0
       0.0         0.0         0.0         0.0
-169.75346    52.19729     7.559   64.00  67.00  0.3240E+12    7.52   1.67  -1  -1    45.00     0  4   0.0  0   0.0  0
       0.0         0.0         0.0         0.0
-169.67410    52.22099     7.559   64.00  67.00  0.3240E+12    6.00   1.67  -1  -1    45.00     0  4   0.0  0   0.0  0
       0.0         0.0         0.0         0.0
-169.59474    52.24468     7.559   64.00  67.00  0.3240E+12    6.87   1.67  -1  -1   126.10     4  4   0.0  0   0.0  0
       0.8         1.1         0.2         0.1
-169.51538    52.26837     7.559   64.00  67.00  0.3240E+12    6.91   1.67  -1  -1   100.44     9  4   0.0  0   0.0  0
       5.0         0.1         0.1         0.5
-169.43602    52.29206     7.559   64.00  67.00  0.3240E+12    3.39   1.67  -1  -1    73.22    11  4   0.0  0   0.0  0
       4.4         0.1         1.3         0.8
-169.35666    52.31576     7.559   64.00  67.00  0.3240E+12    4.54   1.67  -1  -1    46.64    10  4   0.0  0   0.0  0
       0.8         2.3         3.0         0.1
-169.27730    52.33945     7.559   64.00  67.00  0.3240E+12    4.61   1.67  -1  -1    45.00     0  4   0.0  0   0.0  0
       0.0         0.0         0.0         0.0
-169.19794    52.36314     7.559   64.00  67.00  0.3240E+12    6.00   1.67  -1  -1    45.00     0  4   0.0  0   0.0  0
       0.0         0.0         0.0         0.0
-169.11858    52.38684     7.559   64.00  67.00  0.3240E+12    7.52   1.67  -1  -1    45.00     0  4   0.0  0   0.0  0
       0.0         0.0         0.0         0.0
-169.76707    52.21438     2.588   64.00  67.00  0.3240E+12    8.11   1.67  -1  -1    45.00     0  4   0.0  0   0.0  0
       0.0         0.0         0.0         0.0
-169.68771    52.23807     2.588   64.00  67.00  0.3240E+12    6.92   1.67  -1  -1    45.00     0  4   0.0  0   0.0  0
       0.0         0.0         0.0         0.0
-169.60835    52.26176     2.588   64.00  67.00  0.3240E+12    5.99   1.67  -1  -1   126.13    18  4   0.0  0   0.0  0
       7.2         3.1         0.1         0.1
-169.52899    52.28545     2.588   64.00  67.00  0.3240E+12    5.24   1.67  -1  -1   134.67    14  4   0.0  0   0.0  0
       4.9         3.2         0.1         0.1
-169.44963    52.30915     2.588   64.00  67.00  0.3240E+12    4.65   1.67  -1  -1   106.66    24  4   0.0  0   0.0  0
      14.3         0.2         0.1         0.1
-169.37027    52.33284     2.588   64.00  67.00  0.3240E+12    5.80   1.67  -1  -1    49.48    21  4   0.0  0   0.0  0
      11.9         0.3         0.3         0.1
-169.29091    52.35653     2.588   64.00  67.00  0.3240E+12    5.76   1.67  -1  -1    45.00     0  4   0.0  0   0.0  0
       0.0         0.0         0.0         0.0
-169.21155    52.38023     2.588   64.00  67.00  0.3240E+12    6.92   1.67  -1  -1    45.00     0  4   0.0  0   0.0  0
       0.0         0.0         0.0         0.0
-169.13219    52.40392     2.588   64.00  67.00  0.3240E+12    8.11   1.67  -1  -1    45.00     0  4   0.0  0   0.0  0
       0.0         0.0         0.0         0.0
