2.0
#
# http://equake-rc.info/static/paper/SRF-Description-Graves_2.0.pdf
# RECTANGULAR fault MODEL
#
# All subfaults are   7.0 km long along strike and
#  12.0 km wide along dip
#
# Model length along strike is   77.0 km
#
# Model width along dip is   60.0 km
#
# Corners of the rectangular dislocation model (lat, lon):
#     52.418  -171.606 : corner 1
#     53.099  -171.831 : corner 2
#     53.160  -171.321 : corner 3
#     52.480  -171.096 : corner 4
#
#
# Number of elementary sliprate
# isoceles triangular functions
# per subfault:   4
#
# Half duration of elementary sliprate
# isoceles triangular functions (s):   1.95
# Triangles are overlapping each other by half
#
# slip rate unit: cm/s
#
#
# Seismic moment is converted into slip
# using a single constant value for the
# shear modulus mu of  0.250E+12 dyne/cm2
# assumed to be constant and characteristic
# of the fault shear zone
#
#
#
# "rake" (degrees) is the slip angle (Aki"s convention,
# e.g. rake=+45 means left-lateral-reverse movement.
#
#
# ************************************************
# Total seismic moment M0=  0.319E+26 dyne.cm
# ************************************************
#
#
PLANE 1
-171.71851    52.75850   11    5    77.000    60.000
348.67  54.41    35.845     0.000    41.999
POINTS   55
-171.36140    52.80170    70.000  348.67  54.41  0.8400E+12    0.00   1.95  -1  -1   -26.68    82  4   0.0  0   0.0  0
      22.1        15.2         4.5         0.1
-171.17743    52.56674    79.759  348.67  54.41  0.8400E+12    8.70   1.95  -1  -1   -91.29     0  4   0.0  0   0.0  0
       0.0         0.0         0.0         0.0
-171.19792    52.62857    79.759  348.67  54.41  0.8400E+12    6.91   1.95  -1  -1   -91.29     0  4   0.0  0   0.0  0
       0.0         0.0         0.0         0.0
-171.21840    52.69040    79.759  348.67  54.41  0.8400E+12    9.37   1.95  -1  -1   -90.64     7  4   0.0  0   0.0  0
       0.1         0.4         2.6         0.8
-171.23889    52.75223    79.759  348.67  54.41  0.8400E+12    7.41   1.95  -1  -1   -90.28     3  4   0.0  0   0.0  0
       0.1         0.1         0.1         1.1
-171.25938    52.81406    79.759  348.67  54.41  0.8400E+12    3.44   1.95  -1  -1   -74.10     2  4   0.0  0   0.0  0
       0.6         0.1         0.1         0.1
-171.27986    52.87589    79.759  348.67  54.41  0.8400E+12   10.30   1.95  -1  -1   -35.93     2  4   0.0  0   0.0  0
       0.1         0.1         0.1         0.6
-171.30035    52.93771    79.759  348.67  54.41  0.8400E+12    5.27   1.95  -1  -1   -91.29     0  4   0.0  0   0.0  0
       0.0         0.0         0.0         0.0
-171.32083    52.99954    79.759  348.67  54.41  0.8400E+12   10.30   1.95  -1  -1   -18.16     2  4   0.0  0   0.0  0
       0.1         0.1         0.3         0.8
-171.34132    53.06137    79.759  348.67  54.41  0.8400E+12   10.21   1.95  -1  -1   -17.41     1  4   0.0  0   0.0  0
       0.1         0.1         0.1         0.2
-171.36182    53.12320    79.759  348.67  54.41  0.8400E+12   10.31   1.95  -1  -1   -91.29     0  4   0.0  0   0.0  0
       0.0         0.0         0.0         0.0
-171.25897    52.49256    70.000  348.67  54.41  0.8400E+12   10.00   1.95  -1  -1   -91.29     0  4   0.0  0   0.0  0
       0.0         0.0         0.0         0.0
-171.27946    52.55439    70.000  348.67  54.41  0.8400E+12    8.00   1.95  -1  -1   -91.29     0  4   0.0  0   0.0  0
       0.0         0.0         0.0         0.0
-171.29994    52.61621    70.000  348.67  54.41  0.8400E+12    6.00   1.95  -1  -1   -91.29     0  4   0.0  0   0.0  0
       0.0         0.0         0.0         0.0
-171.32043    52.67804    70.000  348.67  54.41  0.8400E+12   10.21   1.95  -1  -1   -73.15     4  4   0.0  0   0.0  0
       1.4         0.2         0.1         0.1
-171.34091    52.73987    70.000  348.67  54.41  0.8400E+12    2.16   1.95  -1  -1   -57.24    13  4   0.0  0   0.0  0
       4.3         2.3         0.1         0.1
-171.15695    52.50491    79.759  348.67  54.41  0.8400E+12   10.31   1.95  -1  -1   -91.29     0  4   0.0  0   0.0  0
       0.0         0.0         0.0         0.0
-171.38190    52.86353    70.000  348.67  54.41  0.8400E+12    2.15   1.95  -1  -1   -91.13     6  4   0.0  0   0.0  0
       3.1         0.1         0.1         0.1
-171.40237    52.92536    70.000  348.67  54.41  0.8400E+12    4.00   1.95  -1  -1   -91.29     0  4   0.0  0   0.0  0
       0.0         0.0         0.0         0.0
-171.42287    52.98719    70.000  348.67  54.41  0.8400E+12   10.27   1.95  -1  -1   -18.54     1  4   0.0  0   0.0  0
       0.1         0.1         0.1         0.1
-171.44334    53.04902    70.000  348.67  54.41  0.8400E+12   10.22   1.95  -1  -1    -2.44     1  4   0.0  0   0.0  0
       0.1         0.1         0.1         0.1
-171.46384    53.11084    70.000  348.67  54.41  0.8400E+12   10.00   1.95  -1  -1   -91.29     0  4   0.0  0   0.0  0
       0.0         0.0         0.0         0.0
-171.36099    52.48020    60.241  348.67  54.41  0.8400E+12   10.31   1.95  -1  -1   -91.29     0  4   0.0  0   0.0  0
       0.0         0.0         0.0         0.0
-171.38148    52.54203    60.241  348.67  54.41  0.8400E+12    8.70   1.95  -1  -1   -91.29     0  4   0.0  0   0.0  0
       0.0         0.0         0.0         0.0
-171.40198    52.60386    60.241  348.67  54.41  0.8400E+12    6.91   1.95  -1  -1   -91.29     0  4   0.0  0   0.0  0
       0.0         0.0         0.0         0.0
-171.42245    52.66569    60.241  348.67  54.41  0.8400E+12    5.51   1.95  -1  -1   -91.14     2  4   0.0  0   0.0  0
       0.4         0.4         0.1         0.1
-171.44295    52.72752    60.241  348.67  54.41  0.8400E+12   10.21   1.95  -1  -1   -58.66     1  4   0.0  0   0.0  0
       0.1         0.1         0.1         0.1
-171.46342    52.78934    60.241  348.67  54.41  0.8400E+12   10.21   1.95  -1  -1   -37.77     2  4   0.0  0   0.0  0
       0.5         0.2         0.1         0.1
-171.48392    52.85117    60.241  348.67  54.41  0.8400E+12   10.27   1.95  -1  -1   -37.39     1  4   0.0  0   0.0  0
       0.1         0.1         0.2         0.2
-171.50441    52.91300    60.241  348.67  54.41  0.8400E+12    5.27   1.95  -1  -1   -91.29     0  4   0.0  0   0.0  0
       0.0         0.0         0.0         0.0
-171.52489    52.97483    60.241  348.67  54.41  0.8400E+12   10.21   1.95  -1  -1   -19.16     1  4   0.0  0   0.0  0
       0.1         0.1         0.1         0.1
-171.54538    53.03666    60.241  348.67  54.41  0.8400E+12   10.21   1.95  -1  -1   -19.08     1  4   0.0  0   0.0  0
       0.1         0.1         0.1         0.1
-171.56586    53.09849    60.241  348.67  54.41  0.8400E+12   10.31   1.95  -1  -1   -91.29     0  4   0.0  0   0.0  0
       0.0         0.0         0.0         0.0
-171.46303    52.46785    50.483  348.67  54.41  0.8400E+12   10.31   1.95  -1  -1   -91.29     0  4   0.0  0   0.0  0
       0.0         0.0         0.0         0.0
-171.48351    52.52967    50.483  348.67  54.41  0.8400E+12   10.31   1.95  -1  -1   -91.29     0  4   0.0  0   0.0  0
       0.0         0.0         0.0         0.0
-171.50400    52.59150    50.483  348.67  54.41  0.8400E+12    9.11   1.95  -1  -1   -91.29     0  4   0.0  0   0.0  0
       0.0         0.0         0.0         0.0
-171.52449    52.65333    50.483  348.67  54.41  0.8400E+12   10.05   1.95  -1  -1   -56.03     3  4   0.0  0   0.0  0
       1.2         0.2         0.1         0.1
-171.54497    52.71516    50.483  348.67  54.41  0.8400E+12   10.05   1.95  -1  -1   -55.67     3  4   0.0  0   0.0  0
       1.1         0.1         0.3         0.1
-171.56546    52.77699    50.483  348.67  54.41  0.8400E+12   10.21   1.95  -1  -1   -18.65     1  4   0.0  0   0.0  0
       0.1         0.1         0.1         0.1
-171.58594    52.83882    50.483  348.67  54.41  0.8400E+12   10.22   1.95  -1  -1   -19.44     1  4   0.0  0   0.0  0
       0.1         0.1         0.1         0.1
-171.60643    52.90065    50.483  348.67  54.41  0.8400E+12    7.94   1.95  -1  -1   -91.29     0  4   0.0  0   0.0  0
       0.0         0.0         0.0         0.0
-171.62692    52.96247    50.483  348.67  54.41  0.8400E+12   10.02   1.95  -1  -1   -16.14     1  4   0.0  0   0.0  0
       0.1         0.1         0.1         0.1
-171.64740    53.02430    50.483  348.67  54.41  0.8400E+12   10.31   1.95  -1  -1   -42.79     8  4   0.0  0   0.0  0
       0.1         0.1         0.1         3.8
-171.66789    53.08613    50.483  348.67  54.41  0.8400E+12   10.31   1.95  -1  -1   -91.29     0  4   0.0  0   0.0  0
       0.0         0.0         0.0         0.0
-171.56505    52.45549    40.724  348.67  54.41  0.8400E+12   10.31   1.95  -1  -1   -91.29     0  4   0.0  0   0.0  0
       0.0         0.0         0.0         0.0
-171.58554    52.51732    40.724  348.67  54.41  0.8400E+12   10.31   1.95  -1  -1   -91.29     0  4   0.0  0   0.0  0
       0.0         0.0         0.0         0.0
-171.60602    52.57915    40.724  348.67  54.41  0.8400E+12   10.31   1.95  -1  -1   -91.29     0  4   0.0  0   0.0  0
       0.0         0.0         0.0         0.0
-171.62651    52.64098    40.724  348.67  54.41  0.8400E+12   10.31   1.95  -1  -1    -1.66     1  4   0.0  0   0.0  0
       0.1         0.1         0.1         0.1
-171.64700    52.70280    40.724  348.67  54.41  0.8400E+12   10.31   1.95  -1  -1    -1.63     1  4   0.0  0   0.0  0
       0.1         0.1         0.2         0.3
-171.66748    52.76463    40.724  348.67  54.41  0.8400E+12   10.31   1.95  -1  -1    -2.17     1  4   0.0  0   0.0  0
       0.1         0.1         0.1         0.1
-171.68797    52.82646    40.724  348.67  54.41  0.8400E+12   10.31   1.95  -1  -1    -1.85     1  4   0.0  0   0.0  0
       0.1         0.1         0.1         0.1
-171.70845    52.88829    40.724  348.67  54.41  0.8400E+12   10.31   1.95  -1  -1   -91.29     0  4   0.0  0   0.0  0
       0.0         0.0         0.0         0.0
-171.72894    52.95012    40.724  348.67  54.41  0.8400E+12   10.31   1.95  -1  -1    -3.25     1  4   0.0  0   0.0  0
       0.1         0.1         0.1         0.5
-171.74944    53.01194    40.724  348.67  54.41  0.8400E+12   10.31   1.95  -1  -1   -36.17     3  4   0.0  0   0.0  0
       0.1         0.1         0.1         1.2
-171.76991    53.07377    40.724  348.67  54.41  0.8400E+12   10.31   1.95  -1  -1   -91.29     0  4   0.0  0   0.0  0
       0.0         0.0         0.0         0.0
