2.0
#
# http://equake-rc.info/static/paper/SRF-Description-Graves_2.0.pdf
# RECTANGULAR fault MODEL
#
# All subfaults are   4.0 km long along strike and
#   7.0 km wide along dip
#
# Model length along strike is   36.0 km
#
# Model width along dip is   35.0 km
#
# Corners of the rectangular dislocation model (lat, lon):
#    -13.881   166.704 : corner 1
#    -14.088   166.959 : corner 2
#    -14.209   166.855 : corner 3
#    -14.001   166.600 : corner 4
#
#
# Number of elementary sliprate
# isoceles triangular functions
# per subfault:   4
#
# Half duration of elementary sliprate
# isoceles triangular functions (s):   1.33
# Triangles are overlapping each other by half
#
# slip rate unit: cm/s
#
#
# Seismic moment is converted into slip
# using a single constant value for the
# shear modulus mu of  0.250E+12 dyne/cm2
# assumed to be constant and characteristic
# of the fault shear zone
#
#
#
# "rake" (degrees) is the slip angle (Aki"s convention,
# e.g. rake=+45 means left-lateral-reverse movement.
#
#
# ************************************************
# Total seismic moment M0=  0.132E+26 dyne.cm
# ************************************************
#
#
PLANE 1
 166.83150   -13.98450    9    5    36.000    35.000
130.00  60.00     2.107     0.000    10.499
POINTS   45
 166.80060   -14.02050    11.200  130.00  60.00  0.2800E+12    0.00   1.33  -1  -1   146.33     0  4   0.0  0   0.0  0
       0.1         0.1         0.1         0.1
 166.65311   -14.02346    29.387  130.00  60.00  0.2800E+12    5.67   1.33  -1  -1   159.58     0  4   0.0  0   0.0  0
       0.1         0.1         0.0         0.0
 166.68146   -14.04654    29.387  130.00  60.00  0.2800E+12    5.67   1.33  -1  -1   144.63     0  4   0.0  0   0.0  0
       0.0         0.1         0.1         0.1
 166.70981   -14.06962    29.387  130.00  60.00  0.2800E+12    5.67   1.33  -1  -1   106.18     0  4   0.0  0   0.0  0
       0.1         0.1         0.1         0.1
 166.73816   -14.09270    29.387  130.00  60.00  0.2800E+12    5.67   1.33  -1  -1   101.95     1  4   0.0  0   0.0  0
       0.1         0.1         0.1         0.2
 166.76651   -14.11578    29.387  130.00  60.00  0.2800E+12    5.67   1.33  -1  -1   116.83    11  4   0.0  0   0.0  0
       0.0         0.1         0.1         8.3
 166.79486   -14.13885    29.387  130.00  60.00  0.2800E+12    5.67   1.33  -1  -1   103.13    12  4   0.0  0   0.0  0
       0.1         0.0         0.2         8.4
 166.82320   -14.16193    29.387  130.00  60.00  0.2800E+12    5.67   1.33  -1  -1    95.53    11  4   0.0  0   0.0  0
       0.1         0.1         0.2         8.1
 166.85155   -14.18501    29.387  130.00  60.00  0.2800E+12    5.67   1.33  -1  -1    95.25    13  4   0.0  0   0.0  0
       0.4         0.6         3.2         5.7
 166.64558   -13.97632    23.324  130.00  60.00  0.2800E+12    5.67   1.33  -1  -1   177.75     0  4   0.0  0   0.0  0
       0.1         0.1         0.1         0.0
 166.67392   -13.99940    23.324  130.00  60.00  0.2800E+12    5.56   1.33  -1  -1   174.55     0  4   0.0  0   0.0  0
       0.1         0.1         0.0         0.1
 166.70227   -14.02248    23.324  130.00  60.00  0.2800E+12    5.05   1.33  -1  -1   134.18     0  4   0.0  0   0.0  0
       0.1         0.1         0.1         0.1
 166.73062   -14.04555    23.324  130.00  60.00  0.2800E+12    4.69   1.33  -1  -1   118.49     1  4   0.0  0   0.0  0
       0.0         0.1         0.0         0.3
 166.75897   -14.06863    23.324  130.00  60.00  0.2800E+12    4.77   1.33  -1  -1   114.66     2  4   0.0  0   0.0  0
       0.1         0.0         0.1         1.1
 166.78732   -14.09171    23.324  130.00  60.00  0.2800E+12    4.65   1.33  -1  -1    96.47     2  4   0.0  0   0.0  0
       0.1         0.1         0.0         1.0
 166.81567   -14.11479    23.324  130.00  60.00  0.2800E+12    5.57   1.33  -1  -1    98.90     1  4   0.0  0   0.0  0
       0.1         0.0         0.1         0.7
 166.84401   -14.13787    23.324  130.00  60.00  0.2800E+12    5.50   1.33  -1  -1    98.82     0  4   0.0  0   0.0  0
       0.0         0.0         0.0         0.2
 166.87236   -14.16094    23.324  130.00  60.00  0.2800E+12    5.67   1.33  -1  -1   111.98     0  4   0.0  0   0.0  0
       0.1         0.1         0.0         0.1
 166.66640   -13.95225    17.262  130.00  60.00  0.2800E+12    5.29   1.33  -1  -1  -175.18     6  4   0.0  0   0.0  0
       0.1         0.1         0.6         3.8
 166.69475   -13.97533    17.262  130.00  60.00  0.2800E+12    5.33   1.33  -1  -1  -175.30     3  4   0.0  0   0.0  0
       0.1         0.1         1.3         1.1
 166.72308   -13.99841    17.262  130.00  60.00  0.2800E+12    5.16   1.33  -1  -1   164.07     3  4   0.0  0   0.0  0
       0.1         0.1         0.1         2.1
 166.75143   -14.02149    17.262  130.00  60.00  0.2800E+12    2.50   1.33  -1  -1   132.31     1  4   0.0  0   0.0  0
       0.1         0.1         0.1         0.7
 166.77979   -14.04457    17.262  130.00  60.00  0.2800E+12    4.91   1.33  -1  -1   114.34     0  4   0.0  0   0.0  0
       0.1         0.1         0.1         0.1
 166.80814   -14.06764    17.262  130.00  60.00  0.2800E+12    5.01   1.33  -1  -1   111.18     0  4   0.0  0   0.0  0
       0.1         0.0         0.1         0.1
 166.83649   -14.09072    17.262  130.00  60.00  0.2800E+12    5.59   1.33  -1  -1   114.37     0  4   0.0  0   0.0  0
       0.0         0.0         0.0         0.1
 166.86482   -14.11380    17.262  130.00  60.00  0.2800E+12    5.58   1.33  -1  -1    98.62     0  4   0.0  0   0.0  0
       0.1         0.0         0.1         0.0
 166.89317   -14.13688    17.262  130.00  60.00  0.2800E+12    5.20   1.33  -1  -1    95.19    32  4   0.0  0   0.0  0
      24.2         0.0         0.1         0.1
 166.68721   -13.92819    11.200  130.00  60.00  0.2800E+12    5.51   1.33  -1  -1  -176.47     2  4   0.0  0   0.0  0
       0.1         0.0         0.1         1.0
 166.71556   -13.95127    11.200  130.00  60.00  0.2800E+12    3.82   1.33  -1  -1   130.65     4  4   0.0  0   0.0  0
       2.6         0.1         0.3         0.2
 166.74390   -13.97434    11.200  130.00  60.00  0.2800E+12    5.15   1.33  -1  -1   150.39     8  4   0.0  0   0.0  0
       0.7         0.2         0.5         4.7
 166.77225   -13.99742    11.200  130.00  60.00  0.2800E+12    1.63   1.33  -1  -1   111.28     0  4   0.0  0   0.0  0
       0.0         0.1         0.1         0.1
 166.62477   -14.00038    29.387  130.00  60.00  0.2800E+12    5.67   1.33  -1  -1   170.37     1  4   0.0  0   0.0  0
       0.3         0.1         0.1         0.1
 166.82895   -14.04358    11.200  130.00  60.00  0.2800E+12    1.30   1.33  -1  -1    95.61    29  4   0.0  0   0.0  0
      21.8         0.1         0.0         0.1
 166.85730   -14.06666    11.200  130.00  60.00  0.2800E+12    2.58   1.33  -1  -1    95.95    15  4   0.0  0   0.0  0
      10.8         0.1         0.0         0.1
 166.88564   -14.08974    11.200  130.00  60.00  0.2800E+12    4.83   1.33  -1  -1   163.96     0  4   0.0  0   0.0  0
       0.1         0.0         0.1         0.1
 166.91399   -14.11281    11.200  130.00  60.00  0.2800E+12    5.60   1.33  -1  -1   122.16     0  4   0.0  0   0.0  0
       0.0         0.0         0.1         0.1
 166.70802   -13.90412     5.138  130.00  60.00  0.2800E+12    5.53   1.33  -1  -1  -176.56     0  4   0.0  0   0.0  0
       0.1         0.0         0.0         0.1
 166.73637   -13.92720     5.138  130.00  60.00  0.2800E+12    5.25   1.33  -1  -1  -178.82     1  4   0.0  0   0.0  0
       0.6         0.1         0.1         0.1
 166.76471   -13.95028     5.138  130.00  60.00  0.2800E+12    5.27   1.33  -1  -1   145.89     3  4   0.0  0   0.0  0
       0.7         1.2         0.1         0.1
 166.79306   -13.97336     5.138  130.00  60.00  0.2800E+12    4.07   1.33  -1  -1   127.92     1  4   0.0  0   0.0  0
       0.1         0.2         0.7         0.1
 166.82141   -13.99643     5.138  130.00  60.00  0.2800E+12    4.54   1.33  -1  -1   116.42     0  4   0.0  0   0.0  0
       0.1         0.1         0.1         0.1
 166.84976   -14.01951     5.138  130.00  60.00  0.2800E+12    2.75   1.33  -1  -1   133.02     8  4   0.0  0   0.0  0
       5.8         0.1         0.2         0.1
 166.87811   -14.04259     5.138  130.00  60.00  0.2800E+12    3.86   1.33  -1  -1   148.57    10  4   0.0  0   0.0  0
       6.7         0.1         0.1         0.4
 166.90645   -14.06567     5.138  130.00  60.00  0.2800E+12    4.19   1.33  -1  -1  -176.69     0  4   0.0  0   0.0  0
       0.1         0.0         0.0         0.0
 166.93480   -14.08875     5.138  130.00  60.00  0.2800E+12    5.11   1.33  -1  -1  -175.86     1  4   0.0  0   0.0  0
       0.5         0.1         0.1         0.1
