2.0
#
# http://equake-rc.info/static/paper/SRF-Description-Graves_2.0.pdf
# RECTANGULAR fault MODEL
#
# All subfaults are   4.0 km long along strike and
#   5.3 km wide along dip
#
# Model length along strike is   36.0 km
#
# Model width along dip is   26.5 km
#
# Corners of the rectangular dislocation model (lat, lon):
#     25.789   125.751 : corner 1
#     26.113   125.761 : corner 2
#     26.112   125.816 : corner 3
#     25.788   125.805 : corner 4
#
#
# Number of elementary sliprate
# isoceles triangular functions
# per subfault:   4
#
# Half duration of elementary sliprate
# isoceles triangular functions (s):   1.33
# Triangles are overlapping each other by half
#
# slip rate unit: cm/s
#
#
# Seismic moment is converted into slip
# using a single constant value for the
# shear modulus mu of  0.250E+12 dyne/cm2
# assumed to be constant and characteristic
# of the fault shear zone
#
#
#
# "rake" (degrees) is the slip angle (Aki"s convention,
# e.g. rake=+45 means left-lateral-reverse movement.
#
#
# ************************************************
# Total seismic moment M0=  0.103E+26 dyne.cm
# ************************************************
#
#
PLANE 1
 125.75600    25.95100    9    5    36.000    26.500
  1.69  78.12     0.048     0.000    18.550
POINTS   45
 125.79410    25.95010    18.200    1.69  78.12  0.2120E+12    0.00   1.33  -1  -1   171.51     0  4   0.0  0   0.0  0
       0.1         0.1         0.1         0.1
 125.80146    25.84189    23.386    1.69  78.12  0.2120E+12    4.99   1.33  -1  -1  -128.36     0  4   0.0  0   0.0  0
       0.1         0.0         0.0         0.0
 125.80264    25.87786    23.386    1.69  78.12  0.2120E+12    2.77   1.33  -1  -1  -145.50     9  4   0.0  0   0.0  0
       6.7         0.1         0.1         0.1
 125.80383    25.91384    23.386    1.69  78.12  0.2120E+12    2.53   1.33  -1  -1  -130.85     9  4   0.0  0   0.0  0
       7.0         0.1         0.0         0.1
 125.80501    25.94981    23.386    1.69  78.12  0.2120E+12    1.57   1.33  -1  -1  -127.10    12  4   0.0  0   0.0  0
       8.6         0.0         0.0         0.1
 125.80620    25.98578    23.386    1.69  78.12  0.2120E+12    4.46   1.33  -1  -1  -143.73     0  4   0.0  0   0.0  0
       0.1         0.0         0.1         0.0
 125.80738    26.02175    23.386    1.69  78.12  0.2120E+12    3.11   1.33  -1  -1  -128.05     0  4   0.0  0   0.0  0
       0.0         0.1         0.1         0.1
 125.80856    26.05773    23.386    1.69  78.12  0.2120E+12    3.75   1.33  -1  -1   143.18     0  4   0.0  0   0.0  0
       0.0         0.0         0.0         0.0
 125.80975    26.09370    23.386    1.69  78.12  0.2120E+12    5.61   1.33  -1  -1  -130.61     0  4   0.0  0   0.0  0
       0.0         0.0         0.1         0.1
 125.78937    25.80621    18.200    1.69  78.12  0.2120E+12    4.80   1.33  -1  -1  -131.97     0  4   0.0  0   0.0  0
       0.1         0.0         0.1         0.1
 125.79055    25.84218    18.200    1.69  78.12  0.2120E+12    5.13   1.33  -1  -1  -146.75     0  4   0.0  0   0.0  0
       0.1         0.1         0.0         0.0
 125.79173    25.87816    18.200    1.69  78.12  0.2120E+12    2.44   1.33  -1  -1  -150.97    40  4   0.0  0   0.0  0
      29.8         0.0         0.1         0.1
 125.79292    25.91413    18.200    1.69  78.12  0.2120E+12    1.35   1.33  -1  -1  -170.40    31  4   0.0  0   0.0  0
      23.2         0.1         0.0         0.0
 125.80028    25.80592    23.386    1.69  78.12  0.2120E+12    4.85   1.33  -1  -1  -127.85     0  4   0.0  0   0.0  0
       0.2         0.0         0.1         0.0
 125.79528    25.98607    18.200    1.69  78.12  0.2120E+12    1.98   1.33  -1  -1  -150.97     0  4   0.0  0   0.0  0
       0.0         0.1         0.1         0.1
 125.79646    26.02204    18.200    1.69  78.12  0.2120E+12    5.61   1.33  -1  -1  -128.08     0  4   0.0  0   0.0  0
       0.1         0.0         0.1         0.1
 125.79765    26.05802    18.200    1.69  78.12  0.2120E+12    3.43   1.33  -1  -1   143.18     0  4   0.0  0   0.0  0
       0.0         0.0         0.0         0.0
 125.79883    26.09399    18.200    1.69  78.12  0.2120E+12    4.89   1.33  -1  -1  -129.72     0  4   0.0  0   0.0  0
       0.0         0.1         0.1         0.1
 125.77845    25.80650    13.014    1.69  78.12  0.2120E+12    5.16   1.33  -1  -1  -149.17     0  4   0.0  0   0.0  0
       0.1         0.1         0.0         0.1
 125.77963    25.84247    13.014    1.69  78.12  0.2120E+12    5.60   1.33  -1  -1  -129.04     0  4   0.0  0   0.0  0
       0.1         0.1         0.0         0.1
 125.78082    25.87845    13.014    1.69  78.12  0.2120E+12    2.77   1.33  -1  -1  -164.96    15  4   0.0  0   0.0  0
      10.9         0.0         0.1         0.1
 125.78200    25.91442    13.014    1.69  78.12  0.2120E+12    2.10   1.33  -1  -1   176.54     3  4   0.0  0   0.0  0
       2.0         0.1         0.1         0.0
 125.78319    25.95039    13.014    1.69  78.12  0.2120E+12    1.73   1.33  -1  -1   164.02     0  4   0.0  0   0.0  0
       0.1         0.1         0.1         0.1
 125.78437    25.98636    13.014    1.69  78.12  0.2120E+12    4.50   1.33  -1  -1  -151.96     4  4   0.0  0   0.0  0
       0.1         0.0         0.1         2.9
 125.78555    26.02234    13.014    1.69  78.12  0.2120E+12    4.60   1.33  -1  -1  -137.61    13  4   0.0  0   0.0  0
       0.1         0.1         0.1         9.5
 125.78674    26.05831    13.014    1.69  78.12  0.2120E+12    3.75   1.33  -1  -1   143.18     0  4   0.0  0   0.0  0
       0.0         0.0         0.0         0.0
 125.78792    26.09428    13.014    1.69  78.12  0.2120E+12    4.94   1.33  -1  -1  -132.55     2  4   0.0  0   0.0  0
       0.0         0.1         0.1         1.6
 125.76754    25.80679     7.827    1.69  78.12  0.2120E+12    5.55   1.33  -1  -1   157.11     0  4   0.0  0   0.0  0
       0.0         0.0         0.1         0.1
 125.76872    25.84276     7.827    1.69  78.12  0.2120E+12    4.74   1.33  -1  -1   144.70     0  4   0.0  0   0.0  0
       0.0         0.1         0.0         0.1
 125.76991    25.87874     7.827    1.69  78.12  0.2120E+12    4.45   1.33  -1  -1   144.71     0  4   0.0  0   0.0  0
       0.0         0.1         0.1         0.1
 125.77109    25.91471     7.827    1.69  78.12  0.2120E+12    4.50   1.33  -1  -1   148.31     0  4   0.0  0   0.0  0
       0.0         0.1         0.0         0.0
 125.77227    25.95068     7.827    1.69  78.12  0.2120E+12    4.50   1.33  -1  -1   154.58     0  4   0.0  0   0.0  0
       0.0         0.1         0.1         0.1
 125.77345    25.98665     7.827    1.69  78.12  0.2120E+12    4.49   1.33  -1  -1   171.22     0  4   0.0  0   0.0  0
       0.0         0.0         0.1         0.1
 125.77464    26.02262     7.827    1.69  78.12  0.2120E+12    5.58   1.33  -1  -1  -168.87     0  4   0.0  0   0.0  0
       0.1         0.1         0.0         0.1
 125.77582    26.05860     7.827    1.69  78.12  0.2120E+12    4.57   1.33  -1  -1   143.18     0  4   0.0  0   0.0  0
       0.0         0.0         0.0         0.0
 125.77701    26.09457     7.827    1.69  78.12  0.2120E+12    5.59   1.33  -1  -1  -136.49     0  4   0.0  0   0.0  0
       0.1         0.1         0.1         0.1
 125.75662    25.80708     2.641    1.69  78.12  0.2120E+12    5.67   1.33  -1  -1   143.77     3  4   0.0  0   0.0  0
       1.2         0.4         0.1         0.2
 125.75780    25.84306     2.641    1.69  78.12  0.2120E+12    5.67   1.33  -1  -1   143.45     1  4   0.0  0   0.0  0
       0.2         0.5         0.1         0.1
 125.75899    25.87903     2.641    1.69  78.12  0.2120E+12    5.22   1.33  -1  -1   143.30    14  4   0.0  0   0.0  0
      10.1         0.1         0.1         0.1
 125.76017    25.91500     2.641    1.69  78.12  0.2120E+12    4.86   1.33  -1  -1   143.56     5  4   0.0  0   0.0  0
       0.2         0.0         0.1         3.1
 125.76136    25.95097     2.641    1.69  78.12  0.2120E+12    4.67   1.33  -1  -1   144.87     2  4   0.0  0   0.0  0
       0.1         0.0         0.1         1.2
 125.76254    25.98694     2.641    1.69  78.12  0.2120E+12    4.93   1.33  -1  -1   155.73     0  4   0.0  0   0.0  0
       0.1         0.1         0.1         0.1
 125.76373    26.02291     2.641    1.69  78.12  0.2120E+12    5.26   1.33  -1  -1   146.41     1  4   0.0  0   0.0  0
       0.0         0.1         0.1         0.8
 125.76491    26.05889     2.641    1.69  78.12  0.2120E+12    5.67   1.33  -1  -1   143.18     0  4   0.0  0   0.0  0
       0.0         0.0         0.0         0.0
 125.76609    26.09486     2.641    1.69  78.12  0.2120E+12    5.67   1.33  -1  -1   151.33    24  4   0.0  0   0.0  0
       0.0         0.1         0.0        17.8
