 RECTANGULAR fault MODEL

All subfaults are   4.0 km long along strike and
  5.3 km wide along dip

Model length along strike is   36.0 km

Model width along dip is   26.5 km

 Corners of the rectangular dislocation model (lat, lon):
    25.789   125.751 : corner 1
    26.113   125.761 : corner 2
    26.112   125.816 : corner 3
    25.788   125.805 : corner 4


 Number of elementary moment rate
 isoceles triangular functions
 per subfault:            4

 Half duration of elementary moment rate
 isoceles triangular functions (s):    1.33000004    

 seismic moment rate unit: dyne.cm
 (1 dyne.cm = 10E-7 N.m)


 Seismic moment is converted into slip
 using a single constant value for the
shear modulus mu of  0.250E+12 dyne/cm2
 assumed to be constant and characteristic
 of the fault shear zone


 "Lat, lon, depth" below are the coord                          in degrees of the subfaults centers

 "rake" (degrees) is the slip angle (Aki"s convention,
 e.g. rake=+45 means left-lateral-reverse movement.

 "ontime" is the rupture onset time in seconds of the subfault.

 amp1, amp2, amp3 and amp4 are the amplitudes
 of the isoceles triangular functions representing
 the moment rate function. Triangles are
 overlapping each other by half

 ************************************************
 Total seismic moment M0=    1.03284058E+25  dyne.cm
 ************************************************

 ================================================

      Lat     Lon      depth(km) strike    dip    rake  ontime       slip(cm)  amp1(dyne.cm/s) amp2(dyne.cm/s) amp3(dyne.cm/s)         	amp4(dyne.cm/s)       M0_subf

    25.950   125.794    18.200     1.7    78.1   171.5   0.0          0      0.315810E+22      0.626250E+22      0.433340E+22      0.281360E+22         0.220349E+23 : hypocenter
    25.842   125.801    23.386     1.7    78.1  -128.4   5.0          0      0.538990E+22      0.261230E+22      0.256050E+22      0.236250E+22         0.171905E+23
    25.878   125.803    23.386     1.7    78.1  -145.5   2.8          9      0.354450E+24      0.314750E+22      0.271110E+22      0.281090E+22         0.482949E+24
    25.914   125.804    23.386     1.7    78.1  -130.9   2.5          9      0.369620E+24      0.278050E+22      0.214340E+22      0.284370E+22         0.501926E+24
    25.950   125.805    23.386     1.7    78.1  -127.1   1.6         12      0.457070E+24      0.224500E+22      0.259950E+22      0.417330E+22         0.619897E+24
    25.986   125.806    23.386     1.7    78.1  -143.7   4.5          0      0.451610E+22      0.264520E+22      0.425630E+22      0.212390E+22         0.180102E+23
    26.022   125.807    23.386     1.7    78.1  -128.1   3.1          0      0.223270E+22      0.347570E+22      0.445810E+22      0.328020E+22         0.178841E+23
    26.058   125.809    23.386     1.7    78.1   143.2   3.7          0      0.174360E+20      0.174360E+20      0.174360E+20      0.174360E+20         0.927595E+20
    26.094   125.810    23.386     1.7    78.1  -130.6   5.6          0      0.243560E+22      0.252040E+22      0.344310E+22      0.547250E+22         0.184492E+23
    25.806   125.789    18.200     1.7    78.1  -132.0   4.8          0      0.298780E+22      0.239140E+22      0.491170E+22      0.289740E+22         0.175404E+23
    25.842   125.791    18.200     1.7    78.1  -146.8   5.1          0      0.353610E+22      0.317080E+22      0.254000E+22      0.209990E+22         0.150912E+23
    25.878   125.792    18.200     1.7    78.1  -151.0   2.4         40      0.158050E+25      0.212920E+22      0.278370E+22      0.269970E+22         0.211219E+25
    25.914   125.793    18.200     1.7    78.1  -170.4   1.4         31      0.122940E+25      0.435360E+22      0.218680E+22      0.245790E+22         0.164707E+25
    25.806   125.800    23.386     1.7    78.1  -127.8   4.9          0      0.110590E+23      0.256640E+22      0.328900E+22      0.259610E+22         0.259490E+23
    25.986   125.795    18.200     1.7    78.1  -151.0   2.0          0      0.253220E+22      0.276110E+22      0.286810E+22      0.388100E+22         0.160164E+23
    26.022   125.796    18.200     1.7    78.1  -128.1   5.6          0      0.328900E+22      0.238560E+22      0.300010E+22      0.342880E+22         0.160977E+23
    26.058   125.798    18.200     1.7    78.1   143.2   3.4          0      0.174360E+20      0.174360E+20      0.174360E+20      0.174360E+20         0.927595E+20
    26.094   125.799    18.200     1.7    78.1  -129.7   4.9          0      0.249400E+22      0.267350E+22      0.308720E+22      0.595540E+22         0.188994E+23
    25.807   125.778    13.014     1.7    78.1  -149.2   5.2          0      0.365030E+22      0.382800E+22      0.250800E+22      0.350790E+22         0.179473E+23
    25.842   125.780    13.014     1.7    78.1  -129.0   5.6          0      0.296800E+22      0.299040E+22      0.236940E+22      0.459480E+22         0.171871E+23
    25.878   125.781    13.014     1.7    78.1  -165.0   2.8         15      0.577210E+24      0.235690E+22      0.285470E+22      0.295130E+22         0.778546E+24
    25.914   125.782    13.014     1.7    78.1   176.5   2.1          3      0.106410E+24      0.443920E+22      0.273420E+22      0.234170E+22         0.154180E+24
    25.950   125.783    13.014     1.7    78.1   164.0   1.7          0      0.375640E+22      0.319090E+22      0.283300E+22      0.273780E+22         0.166491E+23
    25.986   125.784    13.014     1.7    78.1  -152.0   4.5          4      0.486000E+22      0.245710E+22      0.312490E+22      0.155630E+24         0.220876E+24
    26.022   125.786    13.014     1.7    78.1  -137.6   4.6         13      0.305190E+22      0.292460E+22      0.294270E+22      0.501440E+24         0.678778E+24
    26.058   125.787    13.014     1.7    78.1   143.2   3.7          0      0.174360E+20      0.174360E+20      0.174360E+20      0.174360E+20         0.927595E+20
    26.094   125.788    13.014     1.7    78.1  -132.6   4.9          2      0.256900E+22      0.334710E+22      0.335490E+22      0.826420E+23         0.122244E+24
    25.807   125.768     7.827     1.7    78.1   157.1   5.6          0      0.243030E+22      0.214280E+22      0.406670E+22      0.312050E+22         0.156412E+23
    25.843   125.769     7.827     1.7    78.1   144.7   4.7          0      0.246970E+22      0.303630E+22      0.226620E+22      0.326380E+22         0.146779E+23
    25.879   125.770     7.827     1.7    78.1   144.7   4.5          0      0.208180E+22      0.328600E+22      0.434560E+22      0.503390E+22         0.196139E+23
    25.915   125.771     7.827     1.7    78.1   148.3   4.5          0      0.238920E+22      0.335650E+22      0.224670E+22      0.222160E+22         0.135846E+23
    25.951   125.772     7.827     1.7    78.1   154.6   4.5          0      0.247340E+22      0.306560E+22      0.345840E+22      0.401020E+22         0.173001E+23
    25.987   125.773     7.827     1.7    78.1   171.2   4.5          0      0.249580E+22      0.264300E+22      0.267430E+22      0.353820E+22         0.150972E+23
    26.023   125.775     7.827     1.7    78.1  -168.9   5.6          0      0.382170E+22      0.325250E+22      0.258690E+22      0.467850E+22         0.190717E+23
    26.059   125.776     7.827     1.7    78.1   143.2   4.6          0      0.174360E+20      0.174360E+20      0.174360E+20      0.174360E+20         0.927595E+20
    26.095   125.777     7.827     1.7    78.1  -136.5   5.6          0      0.323140E+22      0.277740E+22      0.271500E+22      0.483420E+22         0.180321E+23
    25.807   125.757     2.641     1.7    78.1   143.8   5.7          3      0.630040E+23      0.235820E+23      0.375050E+22      0.115930E+23         0.135566E+24
    25.843   125.758     2.641     1.7    78.1   143.4   5.7          1      0.127850E+23      0.271940E+23      0.468210E+22      0.290740E+22         0.632661E+23
    25.879   125.759     2.641     1.7    78.1   143.3   5.2         14      0.537500E+24      0.568710E+22      0.513050E+22      0.321390E+22         0.733537E+24
    25.915   125.760     2.641     1.7    78.1   143.6   4.9          5      0.841290E+22      0.215600E+22      0.298870E+22      0.166630E+24         0.239650E+24
    25.951   125.761     2.641     1.7    78.1   144.9   4.7          2      0.388410E+22      0.242680E+22      0.306440E+22      0.622120E+23         0.952111E+23
    25.987   125.763     2.641     1.7    78.1   155.7   4.9          0      0.385930E+22      0.274190E+22      0.320020E+22      0.616330E+22         0.212331E+23
    26.023   125.764     2.641     1.7    78.1   146.4   5.3          1      0.256990E+22      0.356660E+22      0.338350E+22      0.425920E+23         0.693090E+23
    26.059   125.765     2.641     1.7    78.1   143.2   5.7          0      0.174360E+20      0.174360E+20      0.174360E+20      0.174360E+20         0.927595E+20
    26.095   125.766     2.641     1.7    78.1   151.3   5.7         24      0.248260E+22      0.389430E+22      0.238170E+22      0.941280E+24         0.126355E+25
