 RECTANGULAR fault MODEL

All subfaults are   4.0 km long along strike and
  7.0 km wide along dip

Model length along strike is   36.0 km

Model width along dip is   35.0 km

 Corners of the rectangular dislocation model (lat, lon):
    25.928   125.974 : corner 1
    25.928   125.614 : corner 2
    25.972   125.614 : corner 3
    25.972   125.974 : corner 4


 Number of elementary moment rate
 isoceles triangular functions
 per subfault:            4

 Half duration of elementary moment rate
 isoceles triangular functions (s):    1.33000004    

 seismic moment rate unit: dyne.cm
 (1 dyne.cm = 10E-7 N.m)


 Seismic moment is converted into slip
 using a single constant value for the
shear modulus mu of  0.250E+12 dyne/cm2
 assumed to be constant and characteristic
 of the fault shear zone


 "Lat, lon, depth" below are the coord                          in degrees of the subfaults centers

 "rake" (degrees) is the slip angle (Aki"s convention,
 e.g. rake=+45 means left-lateral-reverse movement.

 "ontime" is the rupture onset time in seconds of the subfault.

 amp1, amp2, amp3 and amp4 are the amplitudes
 of the isoceles triangular functions representing
 the moment rate function. Triangles are
 overlapping each other by half

 ************************************************
 Total seismic moment M0=    1.27835902E+25  dyne.cm
 ************************************************

 ================================================

      Lat     Lon      depth(km) strike    dip    rake  ontime       slip(cm)  amp1(dyne.cm/s) amp2(dyne.cm/s) amp3(dyne.cm/s)         	amp4(dyne.cm/s)       M0_subf

    25.950   125.794    18.200   270.0    82.0    13.8   0.0          0      0.666450E+22      0.640130E+22      0.606470E+22      0.389480E+22         0.306237E+23 : hypocenter
    25.968   125.914    32.064   270.0    82.0    24.4   5.3          1      0.347330E+22      0.354690E+22      0.426290E+22      0.206680E+23         0.424950E+23
    25.968   125.874    32.064   270.0    82.0     5.3   4.7          0      0.606270E+22      0.331600E+22      0.323870E+22      0.562100E+22         0.242571E+23
    25.968   125.834    32.064   270.0    82.0   -41.3   4.8          0      0.316090E+22      0.333660E+22      0.322020E+22      0.388580E+22         0.180927E+23
    25.968   125.794    32.064   270.0    82.0   -51.8   5.5          0      0.379160E+22      0.571780E+22      0.528590E+22      0.668340E+22         0.285667E+23
    25.968   125.754    32.064   270.0    82.0   -48.6   5.5          0      0.401770E+22      0.387230E+22      0.483330E+22      0.485750E+22         0.233825E+23
    25.968   125.714    32.064   270.0    82.0   -56.4   5.5          0      0.327340E+22      0.307810E+22      0.837470E+22      0.661770E+22         0.283874E+23
    25.968   125.674    32.064   270.0    82.0   -55.8   5.4          1      0.102200E+23      0.267480E+22      0.694540E+22      0.903410E+22         0.384028E+23
    25.968   125.634    32.064   270.0    82.0   -56.3   5.7          7      0.121850E+23      0.120640E+23      0.303740E+23      0.331250E+24         0.513211E+24
    25.959   125.954    25.132   270.0    82.0   -57.0   5.0          0      0.230290E+20      0.230290E+20      0.230290E+20      0.230290E+20         0.122514E+21
    25.959   125.914    25.132   270.0    82.0    20.5   5.3          0      0.476020E+22      0.455850E+22      0.461870E+22      0.978040E+22         0.315447E+23
    25.959   125.874    25.132   270.0    82.0     7.7   3.1          0      0.395210E+22      0.370890E+22      0.324250E+22      0.466430E+22         0.207052E+23
    25.959   125.834    25.132   270.0    82.0   -41.7   5.4          0      0.455560E+22      0.350090E+22      0.289350E+22      0.315380E+22         0.187581E+23
    25.959   125.794    25.132   270.0    82.0   -52.0   5.4          0      0.348420E+22      0.382720E+22      0.328860E+22      0.569080E+22         0.216668E+23
    25.959   125.754    25.132   270.0    82.0   -36.6   5.4          0      0.368410E+22      0.425190E+22      0.400740E+22      0.634430E+22         0.243226E+23
    25.959   125.714    25.132   270.0    82.0   -54.6   5.5          0      0.453580E+22      0.453100E+22      0.321590E+22      0.334200E+22         0.207809E+23
    25.959   125.674    25.132   270.0    82.0   -49.7   5.5          0      0.350160E+22      0.425240E+22      0.441190E+22      0.728900E+22         0.258750E+23
    25.959   125.634    25.132   270.0    82.0   -56.8   5.1         39      0.203540E+25      0.294390E+22      0.815030E+22      0.190690E+23         0.274720E+25
    25.950   125.954    18.200   270.0    82.0   -57.0   4.6          0      0.230290E+20      0.230290E+20      0.230290E+20      0.230290E+20         0.122514E+21
    25.950   125.914    18.200   270.0    82.0    30.5   3.5         13      0.651560E+24      0.436540E+22      0.352740E+22      0.539600E+22         0.884249E+24
    25.950   125.874    18.200   270.0    82.0   -11.9   5.5          0      0.814960E+22      0.372330E+22      0.364480E+22      0.360970E+22         0.254394E+23
    25.950   125.834    18.200   270.0    82.0    30.1   1.3          0      0.606750E+22      0.515400E+22      0.423800E+22      0.421980E+22         0.261735E+23
    25.968   125.954    32.064   270.0    82.0   -57.0   5.7          0      0.230290E+20      0.230290E+20      0.230290E+20      0.230290E+20         0.122514E+21
    25.950   125.754    18.200   270.0    82.0   -40.4   1.4         44      0.229920E+25      0.367040E+22      0.458260E+22      0.316740E+22         0.307313E+25
    25.950   125.714    18.200   270.0    82.0    -0.5   2.7          9      0.421980E+24      0.311430E+22      0.294850E+22      0.488990E+23         0.634333E+24
    25.950   125.674    18.200   270.0    82.0   -56.8   3.5         11      0.580230E+24      0.490170E+22      0.349590E+22      0.271360E+22         0.786484E+24
    25.950   125.634    18.200   270.0    82.0   -39.7   5.3          0      0.463250E+22      0.273340E+22      0.292820E+22      0.398790E+22         0.189951E+23
    25.941   125.954    11.268   270.0    82.0   -57.0   5.0          0      0.230290E+20      0.230290E+20      0.230290E+20      0.230290E+20         0.122514E+21
    25.941   125.914    11.268   270.0    82.0   -43.0   5.4          2      0.559630E+22      0.881720E+23      0.393710E+22      0.357730E+22         0.134706E+24
    25.941   125.874    11.268   270.0    82.0    -3.2   3.4         12      0.602440E+24      0.559180E+22      0.492050E+22      0.203690E+23         0.842317E+24
    25.941   125.834    11.268   270.0    82.0   -26.6   5.6          2      0.400890E+22      0.293700E+22      0.550710E+22      0.903150E+23         0.136681E+24
    25.941   125.794    11.268   270.0    82.0    14.5   2.0          7      0.218130E+24      0.467520E+22      0.379290E+22      0.130320E+24         0.474701E+24
    25.941   125.754    11.268   270.0    82.0    -2.7   2.7         12      0.482570E+24      0.352510E+22      0.275560E+22      0.162040E+24         0.865685E+24
    25.941   125.714    11.268   270.0    82.0    -7.5   5.1          0      0.297320E+22      0.321960E+22      0.354520E+22      0.489420E+22         0.194608E+23
    25.941   125.674    11.268   270.0    82.0     7.7   4.5          0      0.352810E+22      0.337750E+22      0.292010E+22      0.403450E+22         0.184341E+23
    25.941   125.634    11.268   270.0    82.0    -0.4   5.1          0      0.497970E+22      0.456020E+22      0.430920E+22      0.308940E+22         0.225282E+23
    25.933   125.954     4.336   270.0    82.0   -57.0   5.7          0      0.230290E+20      0.230290E+20      0.230290E+20      0.230290E+20         0.122514E+21
    25.933   125.914     4.336   270.0    82.0   -21.4   5.6          1      0.663140E+22      0.163500E+23      0.229110E+23      0.290620E+23         0.996894E+23
    25.933   125.874     4.336   270.0    82.0    -9.7   5.6          4      0.404030E+22      0.371730E+22      0.391060E+22      0.221140E+24         0.309635E+24
    25.933   125.834     4.336   270.0    82.0   -29.0   5.1          9      0.278320E+22      0.406910E+22      0.384810E+22      0.461570E+24         0.628120E+24
    25.933   125.794     4.336   270.0    82.0     9.7   5.2          1      0.471550E+22      0.270560E+22      0.427610E+22      0.194650E+23         0.414457E+23
    25.933   125.754     4.336   270.0    82.0   -13.0   5.4          0      0.299970E+22      0.435070E+22      0.360910E+22      0.512020E+22         0.213860E+23
    25.933   125.714     4.336   270.0    82.0    21.7   4.9          0      0.629810E+22      0.310400E+22      0.361370E+22      0.374910E+22         0.222973E+23
    25.933   125.674     4.336   270.0    82.0    10.4   5.4          0      0.410400E+22      0.350240E+22      0.356140E+22      0.344360E+22         0.194332E+23
    25.933   125.634     4.336   270.0    82.0     2.7   5.7          0      0.382490E+22      0.355720E+22      0.388810E+22      0.330490E+22         0.193849E+23
