2.0
#
# http://equake-rc.info/static/paper/SRF-Description-Graves_2.0.pdf
# RECTANGULAR fault MODEL
#
# All subfaults are   4.0 km long along strike and
#   7.0 km wide along dip
#
# Model length along strike is   36.0 km
#
# Model width along dip is   35.0 km
#
# Corners of the rectangular dislocation model (lat, lon):
#     25.928   125.974 : corner 1
#     25.928   125.614 : corner 2
#     25.972   125.614 : corner 3
#     25.972   125.974 : corner 4
#
#
# Number of elementary sliprate
# isoceles triangular functions
# per subfault:   4
#
# Half duration of elementary sliprate
# isoceles triangular functions (s):   1.33
# Triangles are overlapping each other by half
#
# slip rate unit: cm/s
#
#
# Seismic moment is converted into slip
# using a single constant value for the
# shear modulus mu of  0.250E+12 dyne/cm2
# assumed to be constant and characteristic
# of the fault shear zone
#
#
#
# "rake" (degrees) is the slip angle (Aki"s convention,
# e.g. rake=+45 means left-lateral-reverse movement.
#
#
# ************************************************
# Total seismic moment M0=  0.128E+26 dyne.cm
# ************************************************
#
#
PLANE 1
 125.79400    25.92800    9    5    36.000    35.000
270.00  82.00     0.870     0.000    17.501
POINTS   45
 125.79410    25.95010    18.200  270.00  82.00  0.2800E+12    0.00   1.33  -1  -1    13.76     0  4   0.0  0   0.0  0
       0.1         0.1         0.1         0.1
 125.91417    25.96763    32.064  270.00  82.00  0.2800E+12    5.34   1.33  -1  -1    24.42     1  4   0.0  0   0.0  0
       0.0         0.1         0.1         0.3
 125.87415    25.96763    32.064  270.00  82.00  0.2800E+12    4.71   1.33  -1  -1     5.34     0  4   0.0  0   0.0  0
       0.1         0.0         0.0         0.1
 125.83412    25.96763    32.064  270.00  82.00  0.2800E+12    4.76   1.33  -1  -1   -41.34     0  4   0.0  0   0.0  0
       0.0         0.0         0.0         0.1
 125.79410    25.96763    32.064  270.00  82.00  0.2800E+12    5.54   1.33  -1  -1   -51.76     0  4   0.0  0   0.0  0
       0.1         0.1         0.1         0.1
 125.75407    25.96763    32.064  270.00  82.00  0.2800E+12    5.51   1.33  -1  -1   -48.64     0  4   0.0  0   0.0  0
       0.1         0.1         0.1         0.1
 125.71405    25.96763    32.064  270.00  82.00  0.2800E+12    5.47   1.33  -1  -1   -56.38     0  4   0.0  0   0.0  0
       0.0         0.0         0.1         0.1
 125.67403    25.96763    32.064  270.00  82.00  0.2800E+12    5.44   1.33  -1  -1   -55.75     1  4   0.0  0   0.0  0
       0.1         0.0         0.1         0.1
 125.63400    25.96763    32.064  270.00  82.00  0.2800E+12    5.67   1.33  -1  -1   -56.30     7  4   0.0  0   0.0  0
       0.2         0.2         0.4         4.7
 125.95419    25.95886    25.132  270.00  82.00  0.2800E+12    4.99   1.33  -1  -1   -57.00     0  4   0.0  0   0.0  0
       0.0         0.0         0.0         0.0
 125.91417    25.95886    25.132  270.00  82.00  0.2800E+12    5.31   1.33  -1  -1    20.50     0  4   0.0  0   0.0  0
       0.1         0.1         0.1         0.1
 125.87415    25.95886    25.132  270.00  82.00  0.2800E+12    3.15   1.33  -1  -1     7.65     0  4   0.0  0   0.0  0
       0.1         0.1         0.0         0.1
 125.83412    25.95886    25.132  270.00  82.00  0.2800E+12    5.40   1.33  -1  -1   -41.69     0  4   0.0  0   0.0  0
       0.1         0.1         0.0         0.0
 125.79410    25.95886    25.132  270.00  82.00  0.2800E+12    5.40   1.33  -1  -1   -52.03     0  4   0.0  0   0.0  0
       0.0         0.1         0.0         0.1
 125.75407    25.95886    25.132  270.00  82.00  0.2800E+12    5.40   1.33  -1  -1   -36.62     0  4   0.0  0   0.0  0
       0.1         0.1         0.1         0.1
 125.71405    25.95886    25.132  270.00  82.00  0.2800E+12    5.50   1.33  -1  -1   -54.61     0  4   0.0  0   0.0  0
       0.1         0.1         0.0         0.0
 125.67403    25.95886    25.132  270.00  82.00  0.2800E+12    5.51   1.33  -1  -1   -49.70     0  4   0.0  0   0.0  0
       0.1         0.1         0.1         0.1
 125.63400    25.95886    25.132  270.00  82.00  0.2800E+12    5.12   1.33  -1  -1   -56.81    39  4   0.0  0   0.0  0
      29.1         0.0         0.1         0.3
 125.95419    25.95010    18.200  270.00  82.00  0.2800E+12    4.57   1.33  -1  -1   -57.00     0  4   0.0  0   0.0  0
       0.0         0.0         0.0         0.0
 125.91417    25.95010    18.200  270.00  82.00  0.2800E+12    3.53   1.33  -1  -1    30.54    13  4   0.0  0   0.0  0
       9.3         0.1         0.1         0.1
 125.87415    25.95010    18.200  270.00  82.00  0.2800E+12    5.55   1.33  -1  -1   -11.93     0  4   0.0  0   0.0  0
       0.1         0.1         0.1         0.1
 125.83412    25.95010    18.200  270.00  82.00  0.2800E+12    1.31   1.33  -1  -1    30.12     0  4   0.0  0   0.0  0
       0.1         0.1         0.1         0.1
 125.95419    25.96763    32.064  270.00  82.00  0.2800E+12    5.67   1.33  -1  -1   -57.00     0  4   0.0  0   0.0  0
       0.0         0.0         0.0         0.0
 125.75407    25.95010    18.200  270.00  82.00  0.2800E+12    1.42   1.33  -1  -1   -40.36    44  4   0.0  0   0.0  0
      32.8         0.1         0.1         0.0
 125.71405    25.95010    18.200  270.00  82.00  0.2800E+12    2.74   1.33  -1  -1    -0.48     9  4   0.0  0   0.0  0
       6.0         0.0         0.0         0.7
 125.67403    25.95010    18.200  270.00  82.00  0.2800E+12    3.50   1.33  -1  -1   -56.83    11  4   0.0  0   0.0  0
       8.3         0.1         0.0         0.0
 125.63400    25.95010    18.200  270.00  82.00  0.2800E+12    5.26   1.33  -1  -1   -39.68     0  4   0.0  0   0.0  0
       0.1         0.0         0.0         0.1
 125.95419    25.94134    11.268  270.00  82.00  0.2800E+12    4.99   1.33  -1  -1   -57.00     0  4   0.0  0   0.0  0
       0.0         0.0         0.0         0.0
 125.91417    25.94134    11.268  270.00  82.00  0.2800E+12    5.44   1.33  -1  -1   -43.02     2  4   0.0  0   0.0  0
       0.1         1.3         0.1         0.1
 125.87415    25.94134    11.268  270.00  82.00  0.2800E+12    3.39   1.33  -1  -1    -3.23    12  4   0.0  0   0.0  0
       8.6         0.1         0.1         0.3
 125.83412    25.94134    11.268  270.00  82.00  0.2800E+12    5.62   1.33  -1  -1   -26.62     2  4   0.0  0   0.0  0
       0.1         0.0         0.1         1.3
 125.79410    25.94134    11.268  270.00  82.00  0.2800E+12    2.00   1.33  -1  -1    14.51     7  4   0.0  0   0.0  0
       3.1         0.1         0.1         1.9
 125.75407    25.94134    11.268  270.00  82.00  0.2800E+12    2.73   1.33  -1  -1    -2.68    12  4   0.0  0   0.0  0
       6.9         0.1         0.0         2.3
 125.71405    25.94134    11.268  270.00  82.00  0.2800E+12    5.07   1.33  -1  -1    -7.51     0  4   0.0  0   0.0  0
       0.0         0.0         0.1         0.1
 125.67403    25.94134    11.268  270.00  82.00  0.2800E+12    4.49   1.33  -1  -1     7.73     0  4   0.0  0   0.0  0
       0.1         0.0         0.0         0.1
 125.63400    25.94134    11.268  270.00  82.00  0.2800E+12    5.07   1.33  -1  -1    -0.44     0  4   0.0  0   0.0  0
       0.1         0.1         0.1         0.0
 125.95419    25.93257     4.336  270.00  82.00  0.2800E+12    5.67   1.33  -1  -1   -57.00     0  4   0.0  0   0.0  0
       0.0         0.0         0.0         0.0
 125.91417    25.93257     4.336  270.00  82.00  0.2800E+12    5.63   1.33  -1  -1   -21.41     1  4   0.0  0   0.0  0
       0.1         0.2         0.3         0.4
 125.87415    25.93257     4.336  270.00  82.00  0.2800E+12    5.56   1.33  -1  -1    -9.72     4  4   0.0  0   0.0  0
       0.1         0.1         0.1         3.2
 125.83412    25.93257     4.336  270.00  82.00  0.2800E+12    5.08   1.33  -1  -1   -28.95     9  4   0.0  0   0.0  0
       0.0         0.1         0.1         6.6
 125.79410    25.93257     4.336  270.00  82.00  0.2800E+12    5.21   1.33  -1  -1     9.67     1  4   0.0  0   0.0  0
       0.1         0.0         0.1         0.3
 125.75407    25.93257     4.336  270.00  82.00  0.2800E+12    5.39   1.33  -1  -1   -12.95     0  4   0.0  0   0.0  0
       0.0         0.1         0.1         0.1
 125.71405    25.93257     4.336  270.00  82.00  0.2800E+12    4.92   1.33  -1  -1    21.68     0  4   0.0  0   0.0  0
       0.1         0.0         0.1         0.1
 125.67403    25.93257     4.336  270.00  82.00  0.2800E+12    5.37   1.33  -1  -1    10.42     0  4   0.0  0   0.0  0
       0.1         0.1         0.1         0.0
 125.63400    25.93257     4.336  270.00  82.00  0.2800E+12    5.67   1.33  -1  -1     2.67     0  4   0.0  0   0.0  0
       0.1         0.1         0.1         0.0
