 RECTANGULAR fault MODEL

All subfaults are   9.0 km long along strike and
  8.2 km wide along dip

Model length along strike is   99.0 km

Model width along dip is   41.0 km

 Corners of the rectangular dislocation model (lat, lon):
    32.915   130.270 : corner 1
    32.500   131.206 : corner 2
    32.413   131.152 : corner 3
    32.828   130.215 : corner 4


 Number of elementary moment rate
 isoceles triangular functions
 per subfault:            4

 Half duration of elementary moment rate
 isoceles triangular functions (s):    2.45000005    

 seismic moment rate unit: dyne.cm
 (1 dyne.cm = 10E-7 N.m)


 Seismic moment is converted into slip
 using a single constant value for the
shear modulus mu of  0.250E+12 dyne/cm2
 assumed to be constant and characteristic
 of the fault shear zone


 "Lat, lon, depth" below are the coord                          in degrees of the subfaults centers

 "rake" (degrees) is the slip angle (Aki"s convention,
 e.g. rake=+45 means left-lateral-reverse movement.

 "ontime" is the rupture onset time in seconds of the subfault.

 amp1, amp2, amp3 and amp4 are the amplitudes
 of the isoceles triangular functions representing
 the moment rate function. Triangles are
 overlapping each other by half

 ************************************************
 Total seismic moment M0=    2.01570063E+26  dyne.cm
 ************************************************

 ================================================

      Lat     Lon      depth(km) strike    dip    rake  ontime       slip(cm)  amp1(dyne.cm/s) amp2(dyne.cm/s) amp3(dyne.cm/s)         	amp4(dyne.cm/s)       M0_subf

    32.682   130.722    12.000   117.8    74.6    -8.7   0.0         75      0.538940E+25      0.224810E+24      0.201670E+23      0.223390E+23         0.138590E+26 : hypocenter
    32.780   130.348    35.712   117.8    74.6    29.4  12.9         78      0.429870E+25      0.164870E+24      0.129090E+25      0.146740E+24         0.144580E+26
    32.743   130.434    35.712   117.8    74.6    28.8  11.1         28      0.189830E+25      0.118210E+24      0.583390E+23      0.157350E+23         0.512193E+25
    32.705   130.519    35.712   117.8    74.6    26.8   8.9         12      0.778210E+24      0.556380E+23      0.359300E+23      0.212870E+23         0.218311E+25
    32.667   130.604    35.712   117.8    74.6     0.9   8.9         17      0.122060E+25      0.184320E+23      0.231640E+23      0.205310E+23         0.314268E+25
    32.630   130.689    35.712   117.8    74.6    13.2   8.8          1      0.318740E+23      0.266590E+23      0.289600E+23      0.157950E+23         0.253056E+24
    32.592   130.774    35.712   117.8    74.6   -25.5   7.9          1      0.400320E+23      0.318320E+23      0.175600E+23      0.202620E+23         0.268731E+24
    32.554   130.859    35.712   117.8    74.6   -60.6   8.7          0      0.117450E+21      0.117450E+21      0.117450E+21      0.117450E+21         0.115101E+22
    32.516   130.945    35.712   117.8    74.6   -56.3  10.8          8      0.507390E+24      0.289400E+23      0.151780E+23      0.232390E+23         0.140813E+25
    32.479   131.030    35.712   117.8    74.6   -60.6  12.5          0      0.117450E+21      0.117450E+21      0.117450E+21      0.117450E+21         0.115101E+22
    32.441   131.115    35.712   117.8    74.6   -60.6  13.6          0      0.117450E+21      0.117450E+21      0.117450E+21      0.117450E+21         0.115101E+22
    32.836   130.274    27.808   117.8    74.6   -60.6  13.6          0      0.117450E+21      0.117450E+21      0.117450E+21      0.117450E+21         0.115101E+22
    32.798   130.359    27.808   117.8    74.6    24.4  13.2         37      0.381230E+24      0.204440E+24      0.829810E+23      0.213730E+25         0.687458E+25
    32.760   130.444    27.808   117.8    74.6    12.4   9.7         35      0.254890E+25      0.280370E+23      0.207780E+23      0.305990E+23         0.643937E+25
    32.722   130.530    27.808   117.8    74.6    23.5   7.0         37      0.273060E+25      0.270160E+23      0.247540E+23      0.249780E+23         0.687800E+25
    32.685   130.615    27.808   117.8    74.6     7.2   5.4         61      0.450790E+25      0.379400E+23      0.280770E+23      0.172430E+23         0.112483E+26
    32.647   130.700    27.808   117.8    74.6     9.2   5.7         52      0.385700E+25      0.183790E+23      0.244140E+23      0.168110E+23         0.959568E+25
    32.609   130.785    27.808   117.8    74.6    -4.1   5.9         41      0.295370E+25      0.356170E+23      0.485070E+23      0.230580E+23         0.749916E+25
    32.571   130.870    27.808   117.8    74.6   -60.6   7.0          0      0.117450E+21      0.117450E+21      0.117450E+21      0.117450E+21         0.115101E+22
    32.534   130.955    27.808   117.8    74.6   -51.6   9.4         14      0.372060E+24      0.670990E+24      0.258860E+23      0.176920E+23         0.266224E+25
    32.496   131.041    27.808   117.8    74.6   -60.6  11.3          0      0.117450E+21      0.117450E+21      0.117450E+21      0.117450E+21         0.115101E+22
    32.458   131.126    27.808   117.8    74.6   -60.6  13.6          0      0.117450E+21      0.117450E+21      0.117450E+21      0.117450E+21         0.115101E+22
    32.853   130.285    19.904   117.8    74.6   -60.6  13.1          0      0.117450E+21      0.117450E+21      0.117450E+21      0.117450E+21         0.115101E+22
    32.815   130.370    19.904   117.8    74.6     5.1  12.9         34      0.200540E+23      0.182610E+23      0.274000E+23      0.250980E+25         0.631001E+25
    32.777   130.455    19.904   117.8    74.6    10.9  10.5          8      0.190180E+24      0.198590E+23      0.716940E+23      0.324530E+24         0.148534E+25
    32.740   130.540    19.904   117.8    74.6   -26.6   5.8         26      0.182060E+25      0.703300E+23      0.423080E+23      0.210110E+23         0.478791E+25
    32.702   130.626    19.904   117.8    74.6    -0.2   3.5         64      0.472080E+25      0.545730E+23      0.286470E+23      0.249630E+23         0.118310E+26
    32.664   130.711    19.904   117.8    74.6   -21.5   2.8        151      0.113130E+26      0.250260E+23      0.227460E+23      0.254820E+23         0.278963E+26
    32.627   130.796    19.904   117.8    74.6    -6.5   5.9         20      0.136420E+25      0.332550E+23      0.635200E+23      0.216390E+23         0.363240E+25
    32.589   130.881    19.904   117.8    74.6   -60.6   5.7          0      0.117450E+21      0.117450E+21      0.117450E+21      0.117450E+21         0.115101E+22
    32.551   130.966    19.904   117.8    74.6   -47.6   8.4          3      0.273810E+23      0.118230E+24      0.770850E+23      0.205970E+23         0.596068E+24
    32.513   131.051    19.904   117.8    74.6   -60.6  10.5          0      0.117450E+21      0.117450E+21      0.117450E+21      0.117450E+21         0.115101E+22
    32.476   131.137    19.904   117.8    74.6   -60.6  13.1          0      0.117450E+21      0.117450E+21      0.117450E+21      0.117450E+21         0.115101E+22
    32.870   130.296    12.000   117.8    74.6   -60.6  12.9          0      0.117450E+21      0.117450E+21      0.117450E+21      0.117450E+21         0.115101E+22
    32.833   130.381    12.000   117.8    74.6     3.0  12.9         13      0.295130E+23      0.193200E+23      0.285680E+23      0.896770E+24         0.238672E+25
    32.795   130.466    12.000   117.8    74.6     4.1  13.5         21      0.258010E+23      0.253940E+23      0.563600E+23      0.150150E+25         0.394218E+25
    32.757   130.551    12.000   117.8    74.6   -15.8  12.9          9      0.293800E+23      0.101930E+24      0.453870E+24      0.875100E+23         0.164809E+25
    32.719   130.637    12.000   117.8    74.6   -35.2   2.8         30      0.164310E+25      0.246340E+23      0.686110E+23      0.521720E+24         0.553226E+25
    32.818   130.263    35.712   117.8    74.6   -60.6  13.6          0      0.117450E+21      0.117450E+21      0.117450E+21      0.117450E+21         0.115101E+22
    32.644   130.807    12.000   117.8    74.6   -18.7   7.5         30      0.878840E+24      0.933060E+23      0.449180E+24      0.869740E+24         0.561311E+25
    32.606   130.892    12.000   117.8    74.6   -60.6   5.1          0      0.117450E+21      0.117450E+21      0.117450E+21      0.117450E+21         0.115101E+22
    32.569   130.977    12.000   117.8    74.6   -36.4   9.4          2      0.138670E+23      0.599030E+23      0.251250E+23      0.168210E+23         0.283504E+24
    32.531   131.062    12.000   117.8    74.6   -60.6  10.3          0      0.117450E+21      0.117450E+21      0.117450E+21      0.117450E+21         0.115101E+22
    32.493   131.148    12.000   117.8    74.6   -60.6  12.9          0      0.117450E+21      0.117450E+21      0.117450E+21      0.117450E+21         0.115101E+22
    32.888   130.307     4.096   117.8    74.6   -60.6  13.1          0      0.117450E+21      0.117450E+21      0.117450E+21      0.117450E+21         0.115101E+22
    32.850   130.392     4.096   117.8    74.6   -18.6  12.7         13      0.275530E+24      0.528180E+24      0.110790E+24      0.409720E+23         0.234091E+25
    32.812   130.477     4.096   117.8    74.6   -32.7  12.8         10      0.858300E+23      0.216490E+24      0.692140E+23      0.368880E+24         0.181401E+25
    32.775   130.562     4.096   117.8    74.6   -37.5  10.5         15      0.272390E+24      0.409840E+24      0.840800E+23      0.326200E+24         0.267665E+25
    32.737   130.647     4.096   117.8    74.6   -35.4   8.7         24      0.381340E+23      0.263940E+24      0.510110E+24      0.978570E+24         0.438735E+25
    32.699   130.733     4.096   117.8    74.6   -34.9   7.4         48      0.103840E+24      0.125260E+25      0.112540E+25      0.111710E+25         0.881740E+25
    32.661   130.818     4.096   117.8    74.6   -31.5   9.2         57      0.155800E+25      0.144960E+25      0.854570E+24      0.440190E+24         0.105408E+26
    32.624   130.903     4.096   117.8    74.6   -60.6   5.7          0      0.117450E+21      0.117450E+21      0.117450E+21      0.117450E+21         0.115101E+22
    32.586   130.988     4.096   117.8    74.6   -40.5  11.9         17      0.318670E+24      0.800720E+24      0.135990E+24      0.234730E+23         0.313319E+25
    32.548   131.073     4.096   117.8    74.6   -60.6  10.5          0      0.117450E+21      0.117450E+21      0.117450E+21      0.117450E+21         0.115101E+22
    32.510   131.158     4.096   117.8    74.6   -60.6  13.1          0      0.117450E+21      0.117450E+21      0.117450E+21      0.117450E+21         0.115101E+22
