2.0
#
# http://equake-rc.info/static/paper/SRF-Description-Graves_2.0.pdf
# RECTANGULAR fault MODEL
#
# All subfaults are   9.0 km long along strike and
#  10.7 km wide along dip
#
# Model length along strike is   99.0 km
#
# Model width along dip is   53.5 km
#
# Corners of the rectangular dislocation model (lat, lon):
#     33.040   131.040 : corner 1
#     32.284   130.479 : corner 2
#     32.350   130.353 : corner 3
#     33.106   130.914 : corner 4
#
#
# Number of elementary sliprate
# isoceles triangular functions
# per subfault:   4
#
# Half duration of elementary sliprate
# isoceles triangular functions (s):   2.45
# Triangles are overlapping each other by half
#
# slip rate unit: cm/s
#
#
# Seismic moment is converted into slip
# using a single constant value for the
# shear modulus mu of  0.250E+12 dyne/cm2
# assumed to be constant and characteristic
# of the fault shear zone
#
#
#
# "rake" (degrees) is the slip angle (Aki"s convention,
# e.g. rake=+45 means left-lateral-reverse movement.
#
#
# ************************************************
# Total seismic moment M0=  0.197E+27 dyne.cm
# ************************************************
#
#
PLANE 1
 130.75949    32.66200   11    5    99.000    53.500
212.00  75.00     0.097     0.000    16.049
POINTS   55
 130.72169    32.68170    15.600  212.00  75.00  0.9630E+12    0.00   2.45  -1  -1  -164.09   138  4   0.0  0   0.0  0
      55.9         0.1         0.2         0.1
 130.85034    32.99610    46.606  212.00  75.00  0.9630E+12   13.59   2.45  -1  -1   168.72    27  4   0.0  0   0.0  0
       0.3         0.1         0.1        10.5
 130.79935    32.92740    46.606  212.00  75.00  0.9630E+12   12.43   2.45  -1  -1  -159.38     6  4   0.0  0   0.0  0
       0.1         0.1         0.1         2.0
 130.74835    32.85871    46.606  212.00  75.00  0.9630E+12   11.63   2.45  -1  -1  -119.04    77  4   0.0  0   0.0  0
      30.9         0.1         0.1         0.1
 130.69736    32.79002    46.606  212.00  75.00  0.9630E+12   11.88   2.45  -1  -1  -133.57    17  4   0.0  0   0.0  0
       6.7         0.1         0.1         0.1
 130.64636    32.72132    46.606  212.00  75.00  0.9630E+12    9.94   2.45  -1  -1  -160.44    13  4   0.0  0   0.0  0
       4.8         0.1         0.2         0.1
 130.59535    32.65263    46.606  212.00  75.00  0.9630E+12   13.09   2.45  -1  -1   178.17     3  4   0.0  0   0.0  0
       1.1         0.1         0.1         0.1
 130.54436    32.58394    46.606  212.00  75.00  0.9630E+12   11.85   2.45  -1  -1  -172.00    14  4   0.0  0   0.0  0
       5.0         0.1         0.6         0.2
 130.49336    32.51525    46.606  212.00  75.00  0.9630E+12   12.44   2.45  -1  -1   161.65     2  4   0.0  0   0.0  0
       0.1         0.3         0.2         0.1
 130.44237    32.44656    46.606  212.00  75.00  0.9630E+12   13.59   2.45  -1  -1   151.00     0  4   0.0  0   0.0  0
       0.0         0.0         0.0         0.0
 130.39137    32.37786    46.606  212.00  75.00  0.9630E+12   13.59   2.45  -1  -1   151.00     0  4   0.0  0   0.0  0
       0.0         0.0         0.0         0.0
 130.92645    33.05158    36.271  212.00  75.00  0.9630E+12   13.59   2.45  -1  -1   151.00     0  4   0.0  0   0.0  0
       0.0         0.0         0.0         0.0
 130.87546    32.98289    36.271  212.00  75.00  0.9630E+12   13.49   2.45  -1  -1  -175.73     1  4   0.0  0   0.0  0
       0.1         0.2         0.1         0.1
 130.82446    32.91420    36.271  212.00  75.00  0.9630E+12    9.85   2.45  -1  -1  -143.68     5  4   0.0  0   0.0  0
       1.8         0.1         0.1         0.1
 130.77347    32.84550    36.271  212.00  75.00  0.9630E+12    8.91   2.45  -1  -1  -125.43    12  4   0.0  0   0.0  0
       4.5         0.2         0.2         0.1
 130.72247    32.77681    36.271  212.00  75.00  0.9630E+12    6.99   2.45  -1  -1  -122.72    38  4   0.0  0   0.0  0
      14.8         0.2         0.3         0.1
 130.67146    32.70812    36.271  212.00  75.00  0.9630E+12    6.95   2.45  -1  -1  -144.73     9  4   0.0  0   0.0  0
       0.4         0.1         2.9         0.1
 130.62047    32.63942    36.271  212.00  75.00  0.9630E+12   11.88   2.45  -1  -1  -146.41     6  4   0.0  0   0.0  0
       0.3         1.8         0.1         0.1
 130.56947    32.57073    36.271  212.00  75.00  0.9630E+12   11.86   2.45  -1  -1  -158.10     6  4   0.0  0   0.0  0
       2.1         0.2         0.1         0.1
 130.51848    32.50204    36.271  212.00  75.00  0.9630E+12   11.88   2.45  -1  -1  -172.04     9  4   0.0  0   0.0  0
       3.2         0.1         0.1         0.1
 130.46748    32.43335    36.271  212.00  75.00  0.9630E+12   11.97   2.45  -1  -1   151.00     0  4   0.0  0   0.0  0
       0.0         0.0         0.0         0.0
 130.41647    32.36465    36.271  212.00  75.00  0.9630E+12   13.59   2.45  -1  -1   151.00     0  4   0.0  0   0.0  0
       0.0         0.0         0.0         0.0
 130.95157    33.03837    25.935  212.00  75.00  0.9630E+12   13.22   2.45  -1  -1   151.00     0  4   0.0  0   0.0  0
       0.0         0.0         0.0         0.0
 130.90057    32.96968    25.935  212.00  75.00  0.9630E+12   11.38   2.45  -1  -1  -148.83     1  4   0.0  0   0.0  0
       0.1         0.1         0.1         0.1
 130.84958    32.90099    25.935  212.00  75.00  0.9630E+12   12.35   2.45  -1  -1  -170.07     1  4   0.0  0   0.0  0
       0.1         0.1         0.1         0.1
 130.79858    32.83229    25.935  212.00  75.00  0.9630E+12   11.89   2.45  -1  -1  -157.75     2  4   0.0  0   0.0  0
       0.3         0.1         0.1         0.1
 130.74757    32.76360    25.935  212.00  75.00  0.9630E+12    4.00   2.45  -1  -1  -120.11    60  4   0.0  0   0.0  0
      24.1         0.2         0.1         0.1
 130.69658    32.69491    25.935  212.00  75.00  0.9630E+12    3.21   2.45  -1  -1  -142.26    31  4   0.0  0   0.0  0
      12.0         0.1         0.5         0.1
 130.64558    32.62622    25.935  212.00  75.00  0.9630E+12   11.12   2.45  -1  -1  -152.50     2  4   0.0  0   0.0  0
       0.3         0.1         0.1         0.1
 130.59459    32.55753    25.935  212.00  75.00  0.9630E+12   11.40   2.45  -1  -1  -165.13     1  4   0.0  0   0.0  0
       0.2         0.1         0.1         0.1
 130.54359    32.48883    25.935  212.00  75.00  0.9630E+12    8.71   2.45  -1  -1  -173.82    28  4   0.0  0   0.0  0
      11.0         0.1         0.2         0.1
 130.49258    32.42014    25.935  212.00  75.00  0.9630E+12   10.73   2.45  -1  -1   151.00     0  4   0.0  0   0.0  0
       0.0         0.0         0.0         0.0
 130.44159    32.35144    25.935  212.00  75.00  0.9630E+12   13.22   2.45  -1  -1   151.00     0  4   0.0  0   0.0  0
       0.0         0.0         0.0         0.0
 130.97668    33.02517    15.600  212.00  75.00  0.9630E+12   12.86   2.45  -1  -1   151.00     0  4   0.0  0   0.0  0
       0.0         0.0         0.0         0.0
 130.92569    32.95647    15.600  212.00  75.00  0.9630E+12   11.90   2.45  -1  -1  -127.38     1  4   0.0  0   0.0  0
       0.1         0.1         0.1         0.1
 130.87469    32.88778    15.600  212.00  75.00  0.9630E+12   10.51   2.45  -1  -1  -162.67     1  4   0.0  0   0.0  0
       0.1         0.1         0.1         0.1
 130.82368    32.81909    15.600  212.00  75.00  0.9630E+12    5.53   2.45  -1  -1  -147.49    10  4   0.0  0   0.0  0
       3.8         0.1         0.1         0.1
 130.77269    32.75039    15.600  212.00  75.00  0.9630E+12    2.83   2.45  -1  -1  -157.37    33  4   0.0  0   0.0  0
      13.0         0.1         0.2         0.4
 130.90135    33.06479    46.606  212.00  75.00  0.9630E+12   13.59   2.45  -1  -1   151.00     0  4   0.0  0   0.0  0
       0.0         0.0         0.0         0.0
 130.67070    32.61301    15.600  212.00  75.00  0.9630E+12    2.67   2.45  -1  -1   164.23    70  4   0.0  0   0.0  0
      28.2         0.3         0.1         0.1
 130.61971    32.54432    15.600  212.00  75.00  0.9630E+12    5.17   2.45  -1  -1  -165.10    44  4   0.0  0   0.0  0
      16.5         0.5         0.6         0.3
 130.56870    32.47562    15.600  212.00  75.00  0.9630E+12    8.91   2.45  -1  -1  -161.53    21  4   0.0  0   0.0  0
       7.4         0.3         0.9         0.1
 130.51770    32.40693    15.600  212.00  75.00  0.9630E+12   10.29   2.45  -1  -1   151.00     0  4   0.0  0   0.0  0
       0.0         0.0         0.0         0.0
 130.46671    32.33824    15.600  212.00  75.00  0.9630E+12   12.86   2.45  -1  -1   151.00     0  4   0.0  0   0.0  0
       0.0         0.0         0.0         0.0
 131.00180    33.01196     5.265  212.00  75.00  0.9630E+12   13.22   2.45  -1  -1   151.00     0  4   0.0  0   0.0  0
       0.0         0.0         0.0         0.0
 130.95081    32.94326     5.265  212.00  75.00  0.9630E+12   12.59   2.45  -1  -1  -124.99     2  4   0.0  0   0.0  0
       0.2         0.1         0.3         0.1
 130.89980    32.87457     5.265  212.00  75.00  0.9630E+12   10.04   2.45  -1  -1  -136.83     1  4   0.0  0   0.0  0
       0.1         0.1         0.2         0.1
 130.84880    32.80588     5.265  212.00  75.00  0.9630E+12   10.31   2.45  -1  -1  -139.02     1  4   0.0  0   0.0  0
       0.2         0.2         0.2         0.1
 130.79781    32.73719     5.265  212.00  75.00  0.9630E+12    7.94   2.45  -1  -1  -159.25     2  4   0.0  0   0.0  0
       0.1         0.1         0.3         0.2
 130.74681    32.66850     5.265  212.00  75.00  0.9630E+12    6.52   2.45  -1  -1  -138.79    19  4   0.0  0   0.0  0
       0.3         2.7         1.6         3.1
 130.69582    32.59980     5.265  212.00  75.00  0.9630E+12    6.61   2.45  -1  -1  -147.79    26  4   0.0  0   0.0  0
       4.4         4.4         1.6         0.1
 130.64481    32.53111     5.265  212.00  75.00  0.9630E+12    9.54   2.45  -1  -1  -124.53    31  4   0.0  0   0.0  0
       3.8         5.9         1.5         1.3
 130.59381    32.46241     5.265  212.00  75.00  0.9630E+12    8.79   2.45  -1  -1  -147.59    50  4   0.0  0   0.0  0
      18.9         1.1         0.1         0.1
 130.54282    32.39372     5.265  212.00  75.00  0.9630E+12   10.73   2.45  -1  -1   151.00     0  4   0.0  0   0.0  0
       0.0         0.0         0.0         0.0
 130.49182    32.32503     5.265  212.00  75.00  0.9630E+12   13.22   2.45  -1  -1   151.00     0  4   0.0  0   0.0  0
       0.0         0.0         0.0         0.0
