2.0
#
# http://equake-rc.info/static/paper/SRF-Description-Graves_2.0.pdf
# RECTANGULAR fault MODEL
#
# All subfaults are   2.0 km long along strike and
#   4.0 km wide along dip
#
# Model length along strike is   18.0 km
#
# Model width along dip is   20.0 km
#
# Corners of the rectangular dislocation model (lat, lon):
#    -38.909   175.308 : corner 1
#    -39.012   175.149 : corner 2
#    -38.954   175.087 : corner 3
#    -38.850   175.246 : corner 4
#
#
# Number of elementary sliprate
# isoceles triangular functions
# per subfault:   4
#
# Half duration of elementary sliprate
# isoceles triangular functions (s):   1.01
# Triangles are overlapping each other by half
#
# slip rate unit: cm/s
#
#
# Seismic moment is converted into slip
# using a single constant value for the
# shear modulus mu of  0.250E+12 dyne/cm2
# assumed to be constant and characteristic
# of the fault shear zone
#
#
#
# "rake" (degrees) is the slip angle (Aki"s convention,
# e.g. rake=+45 means left-lateral-reverse movement.
#
#
# ************************************************
# Total seismic moment M0=  0.271E+25 dyne.cm
# ************************************************
#
#
PLANE 1
 175.22850   -38.96050    9    5    18.000    20.000
230.00  65.00     2.562     0.000     6.001
POINTS   45
 175.21001   -38.94300     8.000  230.00  65.00  0.8000E+11    0.00   1.01  -1  -1  -132.47    17  4   0.0  0   0.0  0
      14.8         1.7         0.1         0.0
 175.22540   -38.87360    18.876  230.00  65.00  0.8000E+11    3.70   1.01  -1  -1   -80.94     0  4   0.0  0   0.0  0
       0.1         0.0         0.0         0.0
 175.20775   -38.88513    18.876  230.00  65.00  0.8000E+11    3.65   1.01  -1  -1   -85.50     0  4   0.0  0   0.0  0
       0.0         0.1         0.0         0.1
 175.19009   -38.89665    18.876  230.00  65.00  0.8000E+11    3.58   1.01  -1  -1   -78.52     0  4   0.0  0   0.0  0
       0.0         0.1         0.1         0.1
 175.17244   -38.90818    18.876  230.00  65.00  0.8000E+11    3.60   1.01  -1  -1   -85.43     0  4   0.0  0   0.0  0
       0.1         0.1         0.1         0.0
 175.15479   -38.91970    18.876  230.00  65.00  0.8000E+11    3.59   1.01  -1  -1  -100.36     0  4   0.0  0   0.0  0
       0.1         0.0         0.1         0.1
 175.13712   -38.93122    18.876  230.00  65.00  0.8000E+11    3.63   1.01  -1  -1  -109.53     0  4   0.0  0   0.0  0
       0.0         0.0         0.0         0.0
 175.11946   -38.94275    18.876  230.00  65.00  0.8000E+11    3.70   1.01  -1  -1  -136.77     0  4   0.0  0   0.0  0
       0.1         0.1         0.0         0.1
 175.10181   -38.95427    18.876  230.00  65.00  0.8000E+11    3.70   1.01  -1  -1  -151.01     0  4   0.0  0   0.0  0
       0.2         0.1         0.0         0.0
 175.25558   -38.87369    15.250  230.00  65.00  0.8000E+11    3.23   1.01  -1  -1  -166.50     0  4   0.0  0   0.0  0
       0.0         0.0         0.0         0.0
 175.23793   -38.88521    15.250  230.00  65.00  0.8000E+11    3.16   1.01  -1  -1   -99.04     0  4   0.0  0   0.0  0
       0.0         0.0         0.1         0.0
 175.22028   -38.89674    15.250  230.00  65.00  0.8000E+11    3.66   1.01  -1  -1   -79.76     0  4   0.0  0   0.0  0
       0.0         0.1         0.0         0.1
 175.20262   -38.90826    15.250  230.00  65.00  0.8000E+11    2.75   1.01  -1  -1   -98.54     0  4   0.0  0   0.0  0
       0.0         0.1         0.0         0.0
 175.18497   -38.91978    15.250  230.00  65.00  0.8000E+11    2.42   1.01  -1  -1  -112.18     0  4   0.0  0   0.0  0
       0.0         0.1         0.0         0.0
 175.16730   -38.93131    15.250  230.00  65.00  0.8000E+11    3.33   1.01  -1  -1  -100.67     0  4   0.0  0   0.0  0
       0.1         0.1         0.0         0.0
 175.14964   -38.94283    15.250  230.00  65.00  0.8000E+11    3.09   1.01  -1  -1   -97.12     0  4   0.0  0   0.0  0
       0.1         0.1         0.0         0.1
 175.13199   -38.95436    15.250  230.00  65.00  0.8000E+11    3.42   1.01  -1  -1  -124.04     0  4   0.0  0   0.0  0
       0.2         0.0         0.1         0.0
 175.11433   -38.96588    15.250  230.00  65.00  0.8000E+11    3.48   1.01  -1  -1  -113.56     8  4   0.0  0   0.0  0
       7.5         0.1         0.0         0.0
 175.26811   -38.88530    11.625  230.00  65.00  0.8000E+11    2.56   1.01  -1  -1  -166.50     0  4   0.0  0   0.0  0
       0.0         0.0         0.0         0.0
 175.25046   -38.89682    11.625  230.00  65.00  0.8000E+11    2.21   1.01  -1  -1   -83.73     0  4   0.0  0   0.0  0
       0.0         0.0         0.1         0.1
 175.23280   -38.90834    11.625  230.00  65.00  0.8000E+11    1.73   1.01  -1  -1  -121.47     1  4   0.0  0   0.0  0
       0.9         0.0         0.1         0.0
 175.21513   -38.91987    11.625  230.00  65.00  0.8000E+11    1.74   1.01  -1  -1  -152.95     2  4   0.0  0   0.0  0
       2.0         0.1         0.0         0.0
 175.19748   -38.93139    11.625  230.00  65.00  0.8000E+11    1.14   1.01  -1  -1  -146.08     2  4   0.0  0   0.0  0
       2.0         0.1         0.2         0.1
 175.17982   -38.94292    11.625  230.00  65.00  0.8000E+11    1.75   1.01  -1  -1  -156.65     4  4   0.0  0   0.0  0
       3.9         0.1         0.2         0.0
 175.16217   -38.95444    11.625  230.00  65.00  0.8000E+11    1.75   1.01  -1  -1  -143.04    12  4   0.0  0   0.0  0
      12.1         0.1         0.1         0.0
 175.14452   -38.96597    11.625  230.00  65.00  0.8000E+11    2.29   1.01  -1  -1  -111.07    19  4   0.0  0   0.0  0
      18.1         0.2         0.1         0.0
 175.12685   -38.97749    11.625  230.00  65.00  0.8000E+11    2.59   1.01  -1  -1   -97.39    10  4   0.0  0   0.0  0
       9.4         0.0         0.0         0.0
 175.28064   -38.89690     8.000  230.00  65.00  0.8000E+11    2.29   1.01  -1  -1  -166.50     0  4   0.0  0   0.0  0
       0.0         0.0         0.0         0.0
 175.26299   -38.90843     8.000  230.00  65.00  0.8000E+11    2.40   1.01  -1  -1   -95.74     0  4   0.0  0   0.0  0
       0.1         0.0         0.0         0.1
 175.24532   -38.91995     8.000  230.00  65.00  0.8000E+11    1.16   1.01  -1  -1  -147.58    11  4   0.0  0   0.0  0
      10.2         0.4         0.0         0.0
 175.22766   -38.93148     8.000  230.00  65.00  0.8000E+11    0.61   1.01  -1  -1  -124.15    25  4   0.0  0   0.0  0
      24.3         0.1         0.0         0.1
 175.24307   -38.86208    18.876  230.00  65.00  0.8000E+11    3.70   1.01  -1  -1  -166.50     0  4   0.0  0   0.0  0
       0.0         0.0         0.0         0.0
 175.19235   -38.95452     8.000  230.00  65.00  0.8000E+11    0.86   1.01  -1  -1  -138.06    15  4   0.0  0   0.0  0
      14.2         0.2         0.0         0.0
 175.17470   -38.96605     8.000  230.00  65.00  0.8000E+11    1.15   1.01  -1  -1  -142.76     0  4   0.0  0   0.0  0
       0.1         0.1         0.0         0.0
 175.15703   -38.97757     8.000  230.00  65.00  0.8000E+11    1.85   1.01  -1  -1  -155.16     0  4   0.0  0   0.0  0
       0.1         0.1         0.1         0.0
 175.13937   -38.98910     8.000  230.00  65.00  0.8000E+11    3.34   1.01  -1  -1  -103.66     1  4   0.0  0   0.0  0
       0.4         0.1         0.1         0.0
 175.29317   -38.90851     4.375  230.00  65.00  0.8000E+11    2.56   1.01  -1  -1  -166.50     0  4   0.0  0   0.0  0
       0.0         0.0         0.0         0.0
 175.27550   -38.92004     4.375  230.00  65.00  0.8000E+11    3.02   1.01  -1  -1   -91.00     0  4   0.0  0   0.0  0
       0.1         0.1         0.0         0.0
 175.25784   -38.93156     4.375  230.00  65.00  0.8000E+11    2.03   1.01  -1  -1   -85.58     0  4   0.0  0   0.0  0
       0.1         0.1         0.0         0.1
 175.24019   -38.94308     4.375  230.00  65.00  0.8000E+11    1.41   1.01  -1  -1  -102.59     1  4   0.0  0   0.0  0
       0.6         0.0         0.0         0.1
 175.22253   -38.95461     4.375  230.00  65.00  0.8000E+11    2.10   1.01  -1  -1  -146.56     2  4   0.0  0   0.0  0
       1.0         0.4         0.0         0.0
 175.20488   -38.96613     4.375  230.00  65.00  0.8000E+11    2.10   1.01  -1  -1  -141.61     0  4   0.0  0   0.0  0
       0.1         0.1         0.0         0.0
 175.18721   -38.97766     4.375  230.00  65.00  0.8000E+11    2.18   1.01  -1  -1  -153.73     0  4   0.0  0   0.0  0
       0.0         0.1         0.0         0.0
 175.16956   -38.98918     4.375  230.00  65.00  0.8000E+11    2.77   1.01  -1  -1  -141.81     0  4   0.0  0   0.0  0
       0.0         0.1         0.0         0.0
 175.15190   -39.00071     4.375  230.00  65.00  0.8000E+11    3.09   1.01  -1  -1  -159.47     2  4   0.0  0   0.0  0
       0.0         0.1         0.0         1.3
