2.0
#
# http://equake-rc.info/static/paper/SRF-Description-Graves_2.0.pdf
# RECTANGULAR fault MODEL
#
# All subfaults are   2.0 km long along strike and
#   3.1 km wide along dip
#
# Model length along strike is   18.0 km
#
# Model width along dip is   15.5 km
#
# Corners of the rectangular dislocation model (lat, lon):
#    -38.870   175.128 : corner 1
#    -38.913   175.328 : corner 2
#    -39.016   175.292 : corner 3
#    -38.973   175.092 : corner 4
#
#
# Number of elementary sliprate
# isoceles triangular functions
# per subfault:   4
#
# Half duration of elementary sliprate
# isoceles triangular functions (s):   1.01
# Triangles are overlapping each other by half
#
# slip rate unit: cm/s
#
#
# Seismic moment is converted into slip
# using a single constant value for the
# shear modulus mu of  0.250E+12 dyne/cm2
# assumed to be constant and characteristic
# of the fault shear zone
#
#
#
# "rake" (degrees) is the slip angle (Aki"s convention,
# e.g. rake=+45 means left-lateral-reverse movement.
#
#
# ************************************************
# Total seismic moment M0=  0.323E+25 dyne.cm
# ************************************************
#
#
PLANE 1
 175.22800   -38.89150    9    5    18.000    15.500
105.41  39.40     0.081     0.000     7.747
POINTS   45
 175.21001   -38.94300     5.000  105.41  39.40  0.6200E+11    0.00   1.01  -1  -1   -36.39     4  4   0.0  0   0.0  0
       3.5         0.1         0.1         0.0
 175.12868   -38.97012     8.935  105.41  39.40  0.6200E+11    2.61   1.01  -1  -1   -51.28    11  4   0.0  0   0.0  0
      11.0         0.1         0.1         0.0
 175.15089   -38.97488     8.935  105.41  39.40  0.6200E+11    2.23   1.01  -1  -1   -41.57    21  4   0.0  0   0.0  0
      20.7         0.4         0.1         0.1
 175.17311   -38.97964     8.935  105.41  39.40  0.6200E+11    1.87   1.01  -1  -1   -44.06    16  4   0.0  0   0.0  0
      15.4         0.1         0.0         0.1
 175.19534   -38.98441     8.935  105.41  39.40  0.6200E+11    2.11   1.01  -1  -1   -63.46    12  4   0.0  0   0.0  0
      11.9         0.2         0.1         0.1
 175.21756   -38.98917     8.935  105.41  39.40  0.6200E+11    2.21   1.01  -1  -1   -45.17     3  4   0.0  0   0.0  0
       2.8         0.1         0.0         0.1
 175.23978   -38.99393     8.935  105.41  39.40  0.6200E+11    2.19   1.01  -1  -1   -68.15     2  4   0.0  0   0.0  0
       1.6         0.0         0.1         0.0
 175.26201   -38.99870     8.935  105.41  39.40  0.6200E+11    2.48   1.01  -1  -1   -45.75     0  4   0.0  0   0.0  0
       0.1         0.1         0.0         0.0
 175.28423   -39.00346     8.935  105.41  39.40  0.6200E+11    2.89   1.01  -1  -1   -86.75     0  4   0.0  0   0.0  0
       0.0         0.0         0.0         0.0
 175.11378   -38.94465     6.968  105.41  39.40  0.6200E+11    3.05   1.01  -1  -1   -23.86     0  4   0.0  0   0.0  0
       0.1         0.0         0.0         0.0
 175.13600   -38.94941     6.968  105.41  39.40  0.6200E+11    2.03   1.01  -1  -1   -20.52     8  4   0.0  0   0.0  0
       8.1         0.1         0.0         0.1
 175.15823   -38.95417     6.968  105.41  39.40  0.6200E+11    1.60   1.01  -1  -1   -35.06     2  4   0.0  0   0.0  0
       2.0         0.2         0.2         0.0
 175.18045   -38.95894     6.968  105.41  39.40  0.6200E+11    2.29   1.01  -1  -1   -18.00     6  4   0.0  0   0.0  0
       5.3         0.3         0.2         0.1
 175.20267   -38.96370     6.968  105.41  39.40  0.6200E+11    1.09   1.01  -1  -1   -43.74     2  4   0.0  0   0.0  0
       1.5         0.1         0.1         0.1
 175.22490   -38.96846     6.968  105.41  39.40  0.6200E+11    1.07   1.01  -1  -1   -36.70     9  4   0.0  0   0.0  0
       9.0         0.2         0.1         0.1
 175.24712   -38.97323     6.968  105.41  39.40  0.6200E+11    1.51   1.01  -1  -1   -54.49     5  4   0.0  0   0.0  0
       4.5         0.1         0.0         0.1
 175.26933   -38.97799     6.968  105.41  39.40  0.6200E+11    2.06   1.01  -1  -1   -53.01     0  4   0.0  0   0.0  0
       0.2         0.0         0.0         0.0
 175.29156   -38.98275     6.968  105.41  39.40  0.6200E+11    2.45   1.01  -1  -1   -86.75     0  4   0.0  0   0.0  0
       0.0         0.0         0.0         0.0
 175.12112   -38.92395     5.000  105.41  39.40  0.6200E+11    2.83   1.01  -1  -1   -45.44     0  4   0.0  0   0.0  0
       0.1         0.0         0.1         0.1
 175.14334   -38.92871     5.000  105.41  39.40  0.6200E+11    1.75   1.01  -1  -1   -53.15     0  4   0.0  0   0.0  0
       0.2         0.0         0.1         0.0
 175.16556   -38.93348     5.000  105.41  39.40  0.6200E+11    1.75   1.01  -1  -1   -38.75     0  4   0.0  0   0.0  0
       0.3         0.0         0.0         0.1
 175.18779   -38.93824     5.000  105.41  39.40  0.6200E+11    0.87   1.01  -1  -1    -8.54    17  4   0.0  0   0.0  0
      17.0         0.1         0.1         0.0
 175.10645   -38.96535     8.935  105.41  39.40  0.6200E+11    3.35   1.01  -1  -1   -48.28    12  4   0.0  0   0.0  0
      11.4         0.2         0.5         0.0
 175.23222   -38.94777     5.000  105.41  39.40  0.6200E+11    0.58   1.01  -1  -1   -37.73    24  4   0.0  0   0.0  0
      23.6         0.2         0.0         0.0
 175.25446   -38.95253     5.000  105.41  39.40  0.6200E+11    1.14   1.01  -1  -1   -36.60     3  4   0.0  0   0.0  0
       3.1         0.1         0.1         0.0
 175.27667   -38.95729     5.000  105.41  39.40  0.6200E+11    1.73   1.01  -1  -1   -39.51    13  4   0.0  0   0.0  0
      12.4         0.1         0.0         0.0
 175.29889   -38.96206     5.000  105.41  39.40  0.6200E+11    2.29   1.01  -1  -1   -86.75     0  4   0.0  0   0.0  0
       0.0         0.0         0.0         0.0
 175.12845   -38.90325     3.032  105.41  39.40  0.6200E+11    3.24   1.01  -1  -1   -35.67     0  4   0.0  0   0.0  0
       0.1         0.0         0.0         0.0
 175.15068   -38.90801     3.032  105.41  39.40  0.6200E+11    3.00   1.01  -1  -1   -57.52     0  4   0.0  0   0.0  0
       0.0         0.0         0.0         0.0
 175.17290   -38.91277     3.032  105.41  39.40  0.6200E+11    3.10   1.01  -1  -1   -53.55     0  4   0.0  0   0.0  0
       0.1         0.0         0.1         0.0
 175.19511   -38.91754     3.032  105.41  39.40  0.6200E+11    1.07   1.01  -1  -1   -64.10     3  4   0.0  0   0.0  0
       2.9         0.1         0.0         0.1
 175.21735   -38.92230     3.032  105.41  39.40  0.6200E+11    1.07   1.01  -1  -1   -48.86    12  4   0.0  0   0.0  0
      11.4         0.1         0.1         0.1
 175.23956   -38.92706     3.032  105.41  39.40  0.6200E+11    1.10   1.01  -1  -1   -45.62    13  4   0.0  0   0.0  0
      13.1         0.1         0.0         0.0
 175.26178   -38.93183     3.032  105.41  39.40  0.6200E+11    1.47   1.01  -1  -1   -43.98     0  4   0.0  0   0.0  0
       0.2         0.0         0.1         0.0
 175.28401   -38.93659     3.032  105.41  39.40  0.6200E+11    2.01   1.01  -1  -1   -20.95     0  4   0.0  0   0.0  0
       0.1         0.0         0.0         0.0
 175.30623   -38.94135     3.032  105.41  39.40  0.6200E+11    2.45   1.01  -1  -1   -86.75     0  4   0.0  0   0.0  0
       0.0         0.0         0.0         0.0
 175.13579   -38.88255     1.065  105.41  39.40  0.6200E+11    3.01   1.01  -1  -1   -17.11     0  4   0.0  0   0.0  0
       0.1         0.0         0.1         0.1
 175.15800   -38.88731     1.065  105.41  39.40  0.6200E+11    3.54   1.01  -1  -1    -3.00     0  4   0.0  0   0.0  0
       0.1         0.0         0.0         0.0
 175.18024   -38.89207     1.065  105.41  39.40  0.6200E+11    3.08   1.01  -1  -1   -27.92     0  4   0.0  0   0.0  0
       0.0         0.0         0.1         0.0
 175.20245   -38.89684     1.065  105.41  39.40  0.6200E+11    2.07   1.01  -1  -1   -28.24     1  4   0.0  0   0.0  0
       0.4         0.0         0.0         0.0
 175.22467   -38.90160     1.065  105.41  39.40  0.6200E+11    1.77   1.01  -1  -1   -51.31     3  4   0.0  0   0.0  0
       3.1         0.0         0.0         0.0
 175.24690   -38.90636     1.065  105.41  39.40  0.6200E+11    2.06   1.01  -1  -1   -42.96     0  4   0.0  0   0.0  0
       0.0         0.0         0.0         0.0
 175.26912   -38.91113     1.065  105.41  39.40  0.6200E+11    2.30   1.01  -1  -1   -39.51     0  4   0.0  0   0.0  0
       0.1         0.0         0.1         0.1
 175.29134   -38.91589     1.065  105.41  39.40  0.6200E+11    2.60   1.01  -1  -1   -41.23     0  4   0.0  0   0.0  0
       0.1         0.0         0.0         0.0
 175.31357   -38.92065     1.065  105.41  39.40  0.6200E+11    2.89   1.01  -1  -1   -86.75     0  4   0.0  0   0.0  0
       0.0         0.0         0.0         0.0
