 RECTANGULAR fault MODEL

All subfaults are   7.0 km long along strike and
 13.0 km wide along dip

Model length along strike is   63.0 km

Model width along dip is   65.0 km

 Corners of the rectangular dislocation model (lat, lon):
    52.473  -171.811 : corner 1
    53.033  -171.954 : corner 2
    53.103  -171.210 : corner 3
    52.542  -171.067 : corner 4


 Number of elementary moment rate
 isoceles triangular functions
 per subfault:            4

 Half duration of elementary moment rate
 isoceles triangular functions (s):    1.80999994    

 seismic moment rate unit: dyne.cm
 (1 dyne.cm = 10E-7 N.m)


 Seismic moment is converted into slip
 using a single constant value for the
shear modulus mu of  0.250E+12 dyne/cm2
 assumed to be constant and characteristic
 of the fault shear zone


 "Lat, lon, depth" below are the coord                          in degrees of the subfaults centers

 "rake" (degrees) is the slip angle (Aki"s convention,
 e.g. rake=+45 means left-lateral-reverse movement.

 "ontime" is the rupture onset time in seconds of the subfault.

 amp1, amp2, amp3 and amp4 are the amplitudes
 of the isoceles triangular functions representing
 the moment rate function. Triangles are
 overlapping each other by half

 ************************************************
 Total seismic moment M0=    3.02890649E+25  dyne.cm
 ************************************************

 ================================================

      Lat     Lon      depth(km) strike    dip    rake  ontime       slip(cm)  amp1(dyne.cm/s) amp2(dyne.cm/s) amp3(dyne.cm/s)         	amp4(dyne.cm/s)       M0_subf

    52.802  -171.361   110.000   351.2    39.0   -35.5   0.0         68      0.611580E+25      0.236380E+25      0.179140E+23      0.123330E+23         0.154028E+26 : hypocenter
    52.629  -171.165   118.173   351.2    39.0   -71.0   7.1          0      0.103830E+21      0.103830E+21      0.103830E+21      0.103830E+21         0.751729E+21
    52.691  -171.181   118.173   351.2    39.0   -50.3   8.9          1      0.135510E+23      0.130190E+23      0.184200E+23      0.254060E+23         0.127417E+24
    52.753  -171.197   118.173   351.2    39.0   -56.6   8.9          1      0.134550E+23      0.132760E+23      0.151130E+23      0.613020E+23         0.186694E+24
    52.816  -171.213   118.173   351.2    39.0   -34.9   4.1          3      0.298990E+24      0.162310E+23      0.180670E+23      0.436890E+23         0.682328E+24
    52.878  -171.228   118.173   351.2    39.0   -53.2   8.9          1      0.183530E+23      0.171120E+23      0.146640E+23      0.995700E+23         0.270955E+24
    52.940  -171.244   118.173   351.2    39.0   -71.0   5.5          0      0.103830E+21      0.103830E+21      0.103830E+21      0.103830E+21         0.751729E+21
    53.003  -171.260   118.173   351.2    39.0   -23.5   8.6          1      0.177380E+23      0.583130E+23      0.598840E+23      0.307210E+23         0.301647E+24
    53.065  -171.276   118.173   351.2    39.0   -35.4   8.9          2      0.138190E+23      0.323190E+23      0.815560E+23      0.855320E+23         0.385939E+24
    52.552  -171.298   110.000   351.2    39.0   -71.0   8.0          0      0.103830E+21      0.103830E+21      0.103830E+21      0.103830E+21         0.751729E+21
    52.615  -171.314   110.000   351.2    39.0   -71.0   6.0          0      0.103830E+21      0.103830E+21      0.103830E+21      0.103830E+21         0.751729E+21
    52.677  -171.330   110.000   351.2    39.0   -52.9   4.1          3      0.340340E+24      0.139970E+23      0.159660E+23      0.178030E+23         0.702472E+24
    52.739  -171.345   110.000   351.2    39.0   -22.7   3.1         31      0.387430E+25      0.147400E+23      0.132360E+23      0.145000E+23         0.708936E+25
    52.566  -171.149   118.173   351.2    39.0   -71.0   8.8          0      0.103830E+21      0.103830E+21      0.103830E+21      0.103830E+21         0.751729E+21
    52.864  -171.377   110.000   351.2    39.0   -10.1   2.0          2      0.234340E+24      0.148260E+23      0.130720E+23      0.140420E+23         0.500067E+24
    52.926  -171.393   110.000   351.2    39.0   -71.0   4.0          0      0.103830E+21      0.103830E+21      0.103830E+21      0.103830E+21         0.751729E+21
    52.989  -171.409   110.000   351.2    39.0    -3.2   8.6          0      0.148280E+23      0.137950E+23      0.136440E+23      0.153990E+23         0.104375E+24
    53.051  -171.425   110.000   351.2    39.0    16.1   9.1          1      0.134310E+23      0.178090E+23      0.284520E+23      0.985910E+23         0.286492E+24
    52.539  -171.447   101.827   351.2    39.0   -71.0   8.8          0      0.103830E+21      0.103830E+21      0.103830E+21      0.103830E+21         0.751729E+21
    52.601  -171.463   101.827   351.2    39.0   -71.0   7.1          0      0.103830E+21      0.103830E+21      0.103830E+21      0.103830E+21         0.751729E+21
    52.663  -171.478   101.827   351.2    39.0   -53.8   8.9          0      0.126800E+23      0.137420E+23      0.163790E+23      0.158830E+23         0.106218E+24
    52.725  -171.494   101.827   351.2    39.0   -53.1   8.9          0      0.125490E+23      0.127270E+23      0.137730E+23      0.157480E+23         0.991826E+23
    52.788  -171.510   101.827   351.2    39.0   -36.4   9.0          1      0.148550E+23      0.203160E+23      0.165490E+23      0.178190E+23         0.125866E+24
    52.850  -171.526   101.827   351.2    39.0   -53.4   9.1          1      0.154000E+23      0.130220E+23      0.193130E+23      0.200990E+23         0.122780E+24
    52.912  -171.542   101.827   351.2    39.0   -71.0   5.5          0      0.103830E+21      0.103830E+21      0.103830E+21      0.103830E+21         0.751729E+21
    52.975  -171.558   101.827   351.2    39.0   -34.2   9.1          1      0.139140E+23      0.160560E+23      0.180850E+23      0.174480E+23         0.118560E+24
    53.037  -171.574   101.827   351.2    39.0    -8.9   9.1          1      0.200910E+23      0.230040E+23      0.228440E+23      0.266810E+23         0.167642E+24
    52.525  -171.595    93.655   351.2    39.0   -71.0   9.1          0      0.103830E+21      0.103830E+21      0.103830E+21      0.103830E+21         0.751729E+21
    52.587  -171.611    93.655   351.2    39.0   -71.0   9.1          0      0.103830E+21      0.103830E+21      0.103830E+21      0.103830E+21         0.751729E+21
    52.649  -171.627    93.655   351.2    39.0   -50.3   9.1          0      0.128720E+23      0.161150E+23      0.117210E+23      0.136240E+23         0.983409E+23
    52.712  -171.643    93.655   351.2    39.0   -34.4   9.1          1      0.152600E+23      0.173580E+23      0.138260E+23      0.169060E+23         0.114664E+24
    52.774  -171.659    93.655   351.2    39.0   -51.2   9.1          0      0.128870E+23      0.139930E+23      0.187000E+23      0.157460E+23         0.111000E+24
    52.836  -171.675    93.655   351.2    39.0   -42.2   8.9          0      0.155600E+23      0.144620E+23      0.160700E+23      0.133630E+23         0.107614E+24
    52.899  -171.691    93.655   351.2    39.0   -71.0   8.4          0      0.103830E+21      0.103830E+21      0.103830E+21      0.103830E+21         0.751729E+21
    52.961  -171.707    93.655   351.2    39.0   -36.1   9.1          1      0.137310E+23      0.174300E+23      0.204010E+23      0.183190E+23         0.126485E+24
    53.023  -171.723    93.655   351.2    39.0   -69.4   9.1          1      0.134110E+23      0.160830E+23      0.937020E+23      0.293700E+23         0.276144E+24
    52.511  -171.744    85.482   351.2    39.0   -71.0   9.1          0      0.103830E+21      0.103830E+21      0.103830E+21      0.103830E+21         0.751729E+21
    52.573  -171.760    85.482   351.2    39.0   -71.0   9.1          0      0.103830E+21      0.103830E+21      0.103830E+21      0.103830E+21         0.751729E+21
    52.635  -171.776    85.482   351.2    39.0     0.5   9.1          0      0.135650E+23      0.153650E+23      0.153850E+23      0.162310E+23         0.109588E+24
    52.698  -171.792    85.482   351.2    39.0    18.0   9.1          0      0.143530E+23      0.149110E+23      0.140920E+23      0.132440E+23         0.102446E+24
    52.760  -171.808    85.482   351.2    39.0     0.4   9.1          0      0.134200E+23      0.126810E+23      0.143600E+23      0.180020E+23         0.105818E+24
    52.822  -171.824    85.482   351.2    39.0   -16.7   9.1          1      0.225630E+23      0.137310E+23      0.144850E+23      0.195870E+23         0.127362E+24
    52.885  -171.840    85.482   351.2    39.0   -71.0   9.1          0      0.103830E+21      0.103830E+21      0.103830E+21      0.103830E+21         0.751729E+21
    52.947  -171.856    85.482   351.2    39.0     0.2   9.1          2      0.159700E+23      0.136170E+23      0.173480E+23      0.227170E+24         0.496130E+24
    53.009  -171.872    85.482   351.2    39.0   -16.7   9.1          8      0.148320E+23      0.126090E+23      0.135380E+23      0.910060E+24         0.172138E+25
