2.0
#
# http://equake-rc.info/static/paper/SRF-Description-Graves_2.0.pdf
# RECTANGULAR fault MODEL
#
# All subfaults are   7.0 km long along strike and
#  13.0 km wide along dip
#
# Model length along strike is   63.0 km
#
# Model width along dip is   65.0 km
#
# Corners of the rectangular dislocation model (lat, lon):
#     52.473  -171.811 : corner 1
#     53.033  -171.954 : corner 2
#     53.103  -171.210 : corner 3
#     52.542  -171.067 : corner 4
#
#
# Number of elementary sliprate
# isoceles triangular functions
# per subfault:   4
#
# Half duration of elementary sliprate
# isoceles triangular functions (s):   1.81
# Triangles are overlapping each other by half
#
# slip rate unit: cm/s
#
#
# Seismic moment is converted into slip
# using a single constant value for the
# shear modulus mu of  0.250E+12 dyne/cm2
# assumed to be constant and characteristic
# of the fault shear zone
#
#
#
# "rake" (degrees) is the slip angle (Aki"s convention,
# e.g. rake=+45 means left-lateral-reverse movement.
#
#
# ************************************************
# Total seismic moment M0=  0.303E+26 dyne.cm
# ************************************************
#
#
PLANE 1
-171.88251    52.75300    9    5    63.000    65.000
351.22  38.95    81.396     0.000    45.500
POINTS   45
-171.36140    52.80170   110.000  351.22  38.95  0.9100E+12    0.00   1.81  -1  -1   -35.47    68  4   0.0  0   0.0  0
      26.9        10.4         0.1         0.1
-171.16479    52.62864   118.173  351.22  38.95  0.9100E+12    7.06   1.81  -1  -1   -71.00     0  4   0.0  0   0.0  0
       0.0         0.0         0.0         0.0
-171.18071    52.69096   118.173  351.22  38.95  0.9100E+12    8.86   1.81  -1  -1   -50.35     1  4   0.0  0   0.0  0
       0.1         0.1         0.1         0.1
-171.19662    52.75328   118.173  351.22  38.95  0.9100E+12    8.85   1.81  -1  -1   -56.62     1  4   0.0  0   0.0  0
       0.1         0.1         0.1         0.3
-171.21254    52.81559   118.173  351.22  38.95  0.9100E+12    4.09   1.81  -1  -1   -34.89     3  4   0.0  0   0.0  0
       1.3         0.1         0.1         0.2
-171.22844    52.87791   118.173  351.22  38.95  0.9100E+12    8.95   1.81  -1  -1   -53.17     1  4   0.0  0   0.0  0
       0.1         0.1         0.1         0.4
-171.24435    52.94023   118.173  351.22  38.95  0.9100E+12    5.46   1.81  -1  -1   -71.00     0  4   0.0  0   0.0  0
       0.0         0.0         0.0         0.0
-171.26027    53.00255   118.173  351.22  38.95  0.9100E+12    8.65   1.81  -1  -1   -23.49     1  4   0.0  0   0.0  0
       0.1         0.3         0.3         0.1
-171.27618    53.06487   118.173  351.22  38.95  0.9100E+12    8.91   1.81  -1  -1   -35.42     2  4   0.0  0   0.0  0
       0.1         0.1         0.4         0.4
-171.29776    52.55243   110.000  351.22  38.95  0.9100E+12    8.00   1.81  -1  -1   -71.00     0  4   0.0  0   0.0  0
       0.0         0.0         0.0         0.0
-171.31366    52.61475   110.000  351.22  38.95  0.9100E+12    6.00   1.81  -1  -1   -71.00     0  4   0.0  0   0.0  0
       0.0         0.0         0.0         0.0
-171.32957    52.67706   110.000  351.22  38.95  0.9100E+12    4.06   1.81  -1  -1   -52.86     3  4   0.0  0   0.0  0
       1.5         0.1         0.1         0.1
-171.34549    52.73938   110.000  351.22  38.95  0.9100E+12    3.09   1.81  -1  -1   -22.68    31  4   0.0  0   0.0  0
      17.0         0.1         0.1         0.1
-171.14888    52.56632   118.173  351.22  38.95  0.9100E+12    8.82   1.81  -1  -1   -71.00     0  4   0.0  0   0.0  0
       0.0         0.0         0.0         0.0
-171.37732    52.86402   110.000  351.22  38.95  0.9100E+12    2.00   1.81  -1  -1   -10.11     2  4   0.0  0   0.0  0
       1.0         0.1         0.1         0.1
-171.39323    52.92634   110.000  351.22  38.95  0.9100E+12    4.00   1.81  -1  -1   -71.00     0  4   0.0  0   0.0  0
       0.0         0.0         0.0         0.0
-171.40915    52.98866   110.000  351.22  38.95  0.9100E+12    8.57   1.81  -1  -1    -3.17     0  4   0.0  0   0.0  0
       0.1         0.1         0.1         0.1
-171.42505    53.05098   110.000  351.22  38.95  0.9100E+12    9.12   1.81  -1  -1    16.06     1  4   0.0  0   0.0  0
       0.1         0.1         0.1         0.4
-171.44662    52.53853   101.827  351.22  38.95  0.9100E+12    8.82   1.81  -1  -1   -71.00     0  4   0.0  0   0.0  0
       0.0         0.0         0.0         0.0
-171.46254    52.60085   101.827  351.22  38.95  0.9100E+12    7.06   1.81  -1  -1   -71.00     0  4   0.0  0   0.0  0
       0.0         0.0         0.0         0.0
-171.47845    52.66317   101.827  351.22  38.95  0.9100E+12    8.91   1.81  -1  -1   -53.84     0  4   0.0  0   0.0  0
       0.1         0.1         0.1         0.1
-171.49437    52.72549   101.827  351.22  38.95  0.9100E+12    8.90   1.81  -1  -1   -53.11     0  4   0.0  0   0.0  0
       0.1         0.1         0.1         0.1
-171.51027    52.78781   101.827  351.22  38.95  0.9100E+12    8.98   1.81  -1  -1   -36.44     1  4   0.0  0   0.0  0
       0.1         0.1         0.1         0.1
-171.52618    52.85012   101.827  351.22  38.95  0.9100E+12    9.11   1.81  -1  -1   -53.41     1  4   0.0  0   0.0  0
       0.1         0.1         0.1         0.1
-171.54210    52.91244   101.827  351.22  38.95  0.9100E+12    5.46   1.81  -1  -1   -71.00     0  4   0.0  0   0.0  0
       0.0         0.0         0.0         0.0
-171.55801    52.97476   101.827  351.22  38.95  0.9100E+12    9.11   1.81  -1  -1   -34.21     1  4   0.0  0   0.0  0
       0.1         0.1         0.1         0.1
-171.57393    53.03708   101.827  351.22  38.95  0.9100E+12    9.06   1.81  -1  -1    -8.91     1  4   0.0  0   0.0  0
       0.1         0.1         0.1         0.1
-171.59549    52.52464    93.655  351.22  38.95  0.9100E+12    9.14   1.81  -1  -1   -71.00     0  4   0.0  0   0.0  0
       0.0         0.0         0.0         0.0
-171.61140    52.58696    93.655  351.22  38.95  0.9100E+12    9.14   1.81  -1  -1   -71.00     0  4   0.0  0   0.0  0
       0.0         0.0         0.0         0.0
-171.62732    52.64927    93.655  351.22  38.95  0.9100E+12    9.12   1.81  -1  -1   -50.27     0  4   0.0  0   0.0  0
       0.1         0.1         0.1         0.1
-171.64323    52.71159    93.655  351.22  38.95  0.9100E+12    9.11   1.81  -1  -1   -34.36     1  4   0.0  0   0.0  0
       0.1         0.1         0.1         0.1
-171.65915    52.77391    93.655  351.22  38.95  0.9100E+12    9.11   1.81  -1  -1   -51.20     0  4   0.0  0   0.0  0
       0.1         0.1         0.1         0.1
-171.67506    52.83623    93.655  351.22  38.95  0.9100E+12    8.89   1.81  -1  -1   -42.17     0  4   0.0  0   0.0  0
       0.1         0.1         0.1         0.1
-171.69098    52.89855    93.655  351.22  38.95  0.9100E+12    8.44   1.81  -1  -1   -71.00     0  4   0.0  0   0.0  0
       0.0         0.0         0.0         0.0
-171.70688    52.96087    93.655  351.22  38.95  0.9100E+12    9.14   1.81  -1  -1   -36.08     1  4   0.0  0   0.0  0
       0.1         0.1         0.1         0.1
-171.72279    53.02319    93.655  351.22  38.95  0.9100E+12    9.14   1.81  -1  -1   -69.36     1  4   0.0  0   0.0  0
       0.1         0.1         0.4         0.1
-171.74437    52.51074    85.482  351.22  38.95  0.9100E+12    9.14   1.81  -1  -1   -71.00     0  4   0.0  0   0.0  0
       0.0         0.0         0.0         0.0
-171.76028    52.57306    85.482  351.22  38.95  0.9100E+12    9.14   1.81  -1  -1   -71.00     0  4   0.0  0   0.0  0
       0.0         0.0         0.0         0.0
-171.77620    52.63538    85.482  351.22  38.95  0.9100E+12    9.14   1.81  -1  -1     0.48     0  4   0.0  0   0.0  0
       0.1         0.1         0.1         0.1
-171.79210    52.69770    85.482  351.22  38.95  0.9100E+12    9.14   1.81  -1  -1    17.97     0  4   0.0  0   0.0  0
       0.1         0.1         0.1         0.1
-171.80801    52.76002    85.482  351.22  38.95  0.9100E+12    9.14   1.81  -1  -1     0.35     0  4   0.0  0   0.0  0
       0.1         0.1         0.1         0.1
-171.82393    52.82233    85.482  351.22  38.95  0.9100E+12    9.14   1.81  -1  -1   -16.67     1  4   0.0  0   0.0  0
       0.1         0.1         0.1         0.1
-171.83984    52.88465    85.482  351.22  38.95  0.9100E+12    9.14   1.81  -1  -1   -71.00     0  4   0.0  0   0.0  0
       0.0         0.0         0.0         0.0
-171.85576    52.94697    85.482  351.22  38.95  0.9100E+12    9.14   1.81  -1  -1     0.24     2  4   0.0  0   0.0  0
       0.1         0.1         0.1         1.0
-171.87167    53.00929    85.482  351.22  38.95  0.9100E+12    9.14   1.81  -1  -1   -16.70     8  4   0.0  0   0.0  0
       0.1         0.1         0.1         4.0
