 RECTANGULAR fault MODEL

All subfaults are   7.0 km long along strike and
 12.0 km wide along dip

Model length along strike is   77.0 km

Model width along dip is   60.0 km

 Corners of the rectangular dislocation model (lat, lon):
   -14.407   -73.291 : corner 1
   -15.023   -73.616 : corner 2
   -14.876   -73.914 : corner 3
   -14.260   -73.590 : corner 4


 Number of elementary moment rate
 isoceles triangular functions
 per subfault:            4

 Half duration of elementary moment rate
 isoceles triangular functions (s):    2.10999990    

 seismic moment rate unit: dyne.cm
 (1 dyne.cm = 10E-7 N.m)


 Seismic moment is converted into slip
 using a single constant value for the
shear modulus mu of  0.250E+12 dyne/cm2
 assumed to be constant and characteristic
 of the fault shear zone


 "Lat, lon, depth" below are the coord                          in degrees of the subfaults centers

 "rake" (degrees) is the slip angle (Aki"s convention,
 e.g. rake=+45 means left-lateral-reverse movement.

 "ontime" is the rupture onset time in seconds of the subfault.

 amp1, amp2, amp3 and amp4 are the amplitudes
 of the isoceles triangular functions representing
 the moment rate function. Triangles are
 overlapping each other by half

 ************************************************
 Total seismic moment M0=    5.66946844E+25  dyne.cm
 ************************************************

 ================================================

      Lat     Lon      depth(km) strike    dip    rake  ontime       slip(cm)  amp1(dyne.cm/s) amp2(dyne.cm/s) amp3(dyne.cm/s)         	amp4(dyne.cm/s)       M0_subf

   -14.642   -73.603   103.000   207.0    53.0   -95.9   0.0         87      0.420340E+25      0.442430E+25      0.216540E+23      0.160160E+23         0.182839E+26 : hypocenter
   -14.359   -73.604   122.167   207.0    53.0  -124.0  10.5          0      0.112970E+21      0.112970E+21      0.112970E+21      0.112970E+21         0.953467E+21
   -14.415   -73.634   122.167   207.0    53.0  -121.4  10.3          1      0.164500E+23      0.159650E+23      0.169690E+23      0.159510E+23         0.137857E+24
   -14.471   -73.663   122.167   207.0    53.0  -113.6   9.6          1      0.129330E+23      0.146930E+23      0.136410E+23      0.141040E+23         0.116833E+24
   -14.527   -73.693   122.167   207.0    53.0  -120.3   8.2          1      0.159920E+23      0.153070E+23      0.151290E+23      0.181060E+23         0.136167E+24
   -14.583   -73.722   122.167   207.0    53.0   -94.5   8.5          1      0.182540E+23      0.165620E+23      0.153460E+23      0.180750E+23         0.143980E+24
   -14.639   -73.752   122.167   207.0    53.0  -116.2   8.4          1      0.176540E+23      0.155840E+23      0.221800E+23      0.199950E+23         0.159121E+24
   -14.695   -73.781   122.167   207.0    53.0  -100.4   8.4          1      0.131220E+23      0.188580E+23      0.165560E+23      0.199570E+23         0.144520E+24
   -14.751   -73.811   122.167   207.0    53.0  -124.0   9.1          0      0.112970E+21      0.112970E+21      0.112970E+21      0.112970E+21         0.953467E+21
   -14.807   -73.840   122.167   207.0    53.0  -124.0  10.5          0      0.112970E+21      0.112970E+21      0.112970E+21      0.112970E+21         0.953467E+21
   -14.863   -73.870   122.167   207.0    53.0  -124.0  10.7          0      0.112970E+21      0.112970E+21      0.112970E+21      0.112970E+21         0.953467E+21
   -14.332   -73.515   112.584   207.0    53.0  -124.0  10.6          0      0.112970E+21      0.112970E+21      0.112970E+21      0.112970E+21         0.953467E+21
   -14.388   -73.545   112.584   207.0    53.0  -124.0   8.7          0      0.112970E+21      0.112970E+21      0.112970E+21      0.112970E+21         0.953467E+21
   -14.444   -73.574   112.584   207.0    53.0  -117.2   8.4          1      0.212040E+23      0.174700E+23      0.189230E+23      0.151030E+23         0.153397E+24
   -14.500   -73.604   112.584   207.0    53.0  -117.2   7.7          1      0.466660E+23      0.159050E+23      0.176510E+23      0.210900E+23         0.213768E+24
   -14.556   -73.633   112.584   207.0    53.0  -117.6   4.5          1      0.554060E+23      0.265500E+23      0.220750E+23      0.224570E+23         0.266890E+24
   -14.612   -73.662   112.584   207.0    53.0   -85.2   4.7          1      0.303720E+23      0.197480E+23      0.198350E+23      0.152740E+23         0.179833E+24
   -14.668   -73.692   112.584   207.0    53.0   -74.3   5.9          1      0.322910E+23      0.190650E+23      0.155930E+23      0.177300E+23         0.178673E+24
   -14.724   -73.721   112.584   207.0    53.0   -40.0   7.2          1      0.228440E+23      0.231110E+23      0.155580E+23      0.194830E+23         0.170902E+24
   -14.780   -73.751   112.584   207.0    53.0  -124.0   6.9          0      0.112970E+21      0.112970E+21      0.112970E+21      0.112970E+21         0.953467E+21
   -14.836   -73.780   112.584   207.0    53.0  -124.0   8.7          0      0.112970E+21      0.112970E+21      0.112970E+21      0.112970E+21         0.953467E+21
   -14.892   -73.810   112.584   207.0    53.0  -124.0  10.6          0      0.112970E+21      0.112970E+21      0.112970E+21      0.112970E+21         0.953467E+21
   -14.362   -73.455   103.000   207.0    53.0  -124.0  10.0          0      0.112970E+21      0.112970E+21      0.112970E+21      0.112970E+21         0.953467E+21
   -14.418   -73.485   103.000   207.0    53.0  -124.0   8.0          0      0.112970E+21      0.112970E+21      0.112970E+21      0.112970E+21         0.953467E+21
   -14.474   -73.514   103.000   207.0    53.0  -111.5  10.1          2      0.448950E+23      0.636300E+23      0.324920E+23      0.361810E+23         0.373888E+24
   -14.530   -73.544   103.000   207.0    53.0   -90.1   4.5          1      0.225900E+23      0.341390E+23      0.293950E+23      0.233310E+23         0.230950E+24
   -14.586   -73.573   103.000   207.0    53.0   -94.7   2.1         10      0.947290E+24      0.247150E+23      0.223900E+23      0.171370E+23         0.213433E+25
   -14.303   -73.575   122.167   207.0    53.0  -124.0  10.7          0      0.112970E+21      0.112970E+21      0.112970E+21      0.112970E+21         0.953467E+21
   -14.698   -73.632   103.000   207.0    53.0   -49.9   2.3         11      0.974730E+24      0.243740E+23      0.307650E+23      0.198780E+23         0.221497E+25
   -14.754   -73.662   103.000   207.0    53.0   -38.8   4.5          1      0.373040E+23      0.271310E+23      0.459980E+23      0.340940E+23         0.304952E+24
   -14.810   -73.691   103.000   207.0    53.0  -124.0   6.0          0      0.112970E+21      0.112970E+21      0.112970E+21      0.112970E+21         0.953467E+21
   -14.866   -73.721   103.000   207.0    53.0  -124.0   8.0          0      0.112970E+21      0.112970E+21      0.112970E+21      0.112970E+21         0.953467E+21
   -14.922   -73.750   103.000   207.0    53.0  -124.0  10.0          0      0.112970E+21      0.112970E+21      0.112970E+21      0.112970E+21         0.953467E+21
   -14.391   -73.396    93.416   207.0    53.0  -124.0  10.6          0      0.112970E+21      0.112970E+21      0.112970E+21      0.112970E+21         0.953467E+21
   -14.447   -73.425    93.416   207.0    53.0  -124.0   8.7          0      0.112970E+21      0.112970E+21      0.112970E+21      0.112970E+21         0.953467E+21
   -14.503   -73.455    93.416   207.0    53.0  -123.9  10.0         51      0.228070E+23      0.114710E+25      0.114360E+25      0.280860E+25         0.108076E+26
   -14.559   -73.484    93.416   207.0    53.0   -77.6  10.3         14      0.149870E+24      0.182950E+24      0.445670E+23      0.980980E+24         0.286615E+25
   -14.615   -73.514    93.416   207.0    53.0   -88.9  10.7         11      0.127630E+24      0.501290E+23      0.150360E+24      0.776330E+24         0.233039E+25
   -14.671   -73.543    93.416   207.0    53.0   -43.8   3.8          8      0.281270E+23      0.164370E+24      0.336850E+24      0.256340E+24         0.165780E+25
   -14.727   -73.573    93.416   207.0    53.0   -35.1   4.9          9      0.317620E+23      0.385390E+24      0.308560E+24      0.211530E+24         0.197758E+25
   -14.783   -73.602    93.416   207.0    53.0   -35.2   5.8          3      0.438620E+23      0.365960E+23      0.104160E+24      0.160750E+24         0.728726E+24
   -14.839   -73.632    93.416   207.0    53.0  -124.0   6.9          0      0.112970E+21      0.112970E+21      0.112970E+21      0.112970E+21         0.953467E+21
   -14.895   -73.661    93.416   207.0    53.0  -124.0   8.7          0      0.112970E+21      0.112970E+21      0.112970E+21      0.112970E+21         0.953467E+21
   -14.951   -73.691    93.416   207.0    53.0  -124.0  10.6          0      0.112970E+21      0.112970E+21      0.112970E+21      0.112970E+21         0.953467E+21
   -14.421   -73.336    83.833   207.0    53.0  -124.0  10.7          0      0.112970E+21      0.112970E+21      0.112970E+21      0.112970E+21         0.953467E+21
   -14.477   -73.365    83.833   207.0    53.0  -124.0  10.5          0      0.112970E+21      0.112970E+21      0.112970E+21      0.112970E+21         0.953467E+21
   -14.533   -73.395    83.833   207.0    53.0   -82.7  10.1         11      0.177900E+23      0.191410E+24      0.357160E+24      0.527410E+24         0.230785E+25
   -14.589   -73.424    83.833   207.0    53.0   -46.1   9.8         12      0.139540E+24      0.423240E+24      0.525420E+24      0.121380E+24         0.255221E+25
   -14.645   -73.454    83.833   207.0    53.0   -38.1   9.9          8      0.196980E+23      0.295540E+24      0.299350E+24      0.152680E+24         0.161894E+25
   -14.701   -73.483    83.833   207.0    53.0   -34.2  10.3         15      0.224460E+23      0.909430E+24      0.447780E+24      0.114050E+24         0.315172E+25
   -14.757   -73.513    83.833   207.0    53.0   -34.4   8.4          3      0.338070E+23      0.255630E+23      0.167310E+24      0.752820E+23         0.637140E+24
   -14.813   -73.542    83.833   207.0    53.0   -34.4   9.9          2      0.220700E+23      0.746110E+23      0.430550E+23      0.923730E+23         0.489750E+24
   -14.869   -73.572    83.833   207.0    53.0  -124.0   9.1          0      0.112970E+21      0.112970E+21      0.112970E+21      0.112970E+21         0.953467E+21
   -14.925   -73.601    83.833   207.0    53.0  -124.0  10.5          0      0.112970E+21      0.112970E+21      0.112970E+21      0.112970E+21         0.953467E+21
   -14.981   -73.631    83.833   207.0    53.0  -124.0  10.7          0      0.112970E+21      0.112970E+21      0.112970E+21      0.112970E+21         0.953467E+21
