2.0
#
# http://equake-rc.info/static/paper/SRF-Description-Graves_2.0.pdf
# RECTANGULAR fault MODEL
#
# All subfaults are   7.0 km long along strike and
#  12.0 km wide along dip
#
# Model length along strike is   77.0 km
#
# Model width along dip is   60.0 km
#
# Corners of the rectangular dislocation model (lat, lon):
#    -14.950   -73.875 : corner 1
#    -14.267   -73.762 : corner 2
#    -14.334   -73.331 : corner 3
#    -15.016   -73.444 : corner 4
#
#
# Number of elementary sliprate
# isoceles triangular functions
# per subfault:   4
#
# Half duration of elementary sliprate
# isoceles triangular functions (s):   2.11
# Triangles are overlapping each other by half
#
# slip rate unit: cm/s
#
#
# Seismic moment is converted into slip
# using a single constant value for the
# shear modulus mu of  0.250E+12 dyne/cm2
# assumed to be constant and characteristic
# of the fault shear zone
#
#
#
# "rake" (degrees) is the slip angle (Aki"s convention,
# e.g. rake=+45 means left-lateral-reverse movement.
#
#
# ************************************************
# Total seismic moment M0=  0.624E+26 dyne.cm
# ************************************************
#
#
PLANE 1
 -73.81850   -14.60850   11    5    77.000    60.000
  9.10  38.38    84.376     0.000    29.998
POINTS   55
 -73.60280   -14.64180   103.000    9.10  38.38  0.8400E+12    0.00   2.11  -1  -1   -95.52    47  4   0.0  0   0.0  0
      17.5         4.4         0.1         0.1
 -73.47153   -14.91666   117.899    9.10  38.38  0.8400E+12   10.54   2.11  -1  -1  -149.21     0  4   0.0  0   0.0  0
       0.0         0.0         0.0         0.0
 -73.46127   -14.85462   117.899    9.10  38.38  0.8400E+12    9.11   2.11  -1  -1  -149.21     0  4   0.0  0   0.0  0
       0.0         0.0         0.0         0.0
 -73.45100   -14.79259   117.899    9.10  38.38  0.8400E+12    9.27   2.11  -1  -1   -74.15     1  4   0.0  0   0.0  0
       0.1         0.1         0.1         0.1
 -73.44072   -14.73055   117.899    9.10  38.38  0.8400E+12    8.30   2.11  -1  -1   -69.22     1  4   0.0  0   0.0  0
       0.3         0.1         0.1         0.1
 -73.43045   -14.66851   117.899    9.10  38.38  0.8400E+12    7.66   2.11  -1  -1   -68.21     2  4   0.0  0   0.0  0
       0.3         0.2         0.1         0.2
 -73.42018   -14.60647   117.899    9.10  38.38  0.8400E+12    9.28   2.11  -1  -1   -62.48     1  4   0.0  0   0.0  0
       0.3         0.2         0.1         0.1
 -73.40991   -14.54443   117.899    9.10  38.38  0.8400E+12    9.00   2.11  -1  -1   -61.75     2  4   0.0  0   0.0  0
       0.5         0.2         0.2         0.1
 -73.39964   -14.48240   117.899    9.10  38.38  0.8400E+12   10.22   2.11  -1  -1   -59.53     3  4   0.0  0   0.0  0
       0.8         0.4         0.1         0.1
 -73.38937   -14.42036   117.899    9.10  38.38  0.8400E+12   10.54   2.11  -1  -1  -149.21     0  4   0.0  0   0.0  0
       0.0         0.0         0.0         0.0
 -73.37910   -14.35832   117.899    9.10  38.38  0.8400E+12   10.67   2.11  -1  -1  -149.21     0  4   0.0  0   0.0  0
       0.0         0.0         0.0         0.0
 -73.56798   -14.96534   110.450    9.10  38.38  0.8400E+12   10.57   2.11  -1  -1  -149.21     0  4   0.0  0   0.0  0
       0.0         0.0         0.0         0.0
 -73.55771   -14.90331   110.450    9.10  38.38  0.8400E+12    8.70   2.11  -1  -1  -149.21     0  4   0.0  0   0.0  0
       0.0         0.0         0.0         0.0
 -73.54744   -14.84127   110.450    9.10  38.38  0.8400E+12    6.91   2.11  -1  -1  -149.21     0  4   0.0  0   0.0  0
       0.0         0.0         0.0         0.0
 -73.53716   -14.77923   110.450    9.10  38.38  0.8400E+12    5.55   2.11  -1  -1   -87.43     8  4   0.0  0   0.0  0
       3.0         0.3         0.2         0.1
 -73.52689   -14.71719   110.450    9.10  38.38  0.8400E+12    5.31   2.11  -1  -1   -71.38     5  4   0.0  0   0.0  0
       2.0         0.3         0.1         0.2
 -73.51662   -14.65515   110.450    9.10  38.38  0.8400E+12    5.50   2.11  -1  -1   -68.38     4  4   0.0  0   0.0  0
       1.6         0.2         0.2         0.1
 -73.50636   -14.59312   110.450    9.10  38.38  0.8400E+12    5.64   2.11  -1  -1   -61.92    10  4   0.0  0   0.0  0
       4.0         0.3         0.2         0.1
 -73.49609   -14.53108   110.450    9.10  38.38  0.8400E+12    5.55   2.11  -1  -1   -59.97     8  4   0.0  0   0.0  0
       3.0         0.4         0.2         0.1
 -73.48582   -14.46904   110.450    9.10  38.38  0.8400E+12    6.95   2.11  -1  -1   -59.97     4  4   0.0  0   0.0  0
       1.0         0.2         0.3         0.1
 -73.47554   -14.40700   110.450    9.10  38.38  0.8400E+12    8.70   2.11  -1  -1  -149.21     0  4   0.0  0   0.0  0
       0.0         0.0         0.0         0.0
 -73.46527   -14.34496   110.450    9.10  38.38  0.8400E+12   10.57   2.11  -1  -1  -149.21     0  4   0.0  0   0.0  0
       0.0         0.0         0.0         0.0
 -73.65415   -14.95199   103.000    9.10  38.38  0.8400E+12   10.00   2.11  -1  -1  -149.21     0  4   0.0  0   0.0  0
       0.0         0.0         0.0         0.0
 -73.64388   -14.88995   103.000    9.10  38.38  0.8400E+12    8.00   2.11  -1  -1  -149.21     0  4   0.0  0   0.0  0
       0.0         0.0         0.0         0.0
 -73.63361   -14.82791   103.000    9.10  38.38  0.8400E+12    6.00   2.11  -1  -1  -149.21     0  4   0.0  0   0.0  0
       0.0         0.0         0.0         0.0
 -73.62334   -14.76588   103.000    9.10  38.38  0.8400E+12    5.38   2.11  -1  -1  -105.73     1  4   0.0  0   0.0  0
       0.3         0.1         0.1         0.1
 -73.61307   -14.70384   103.000    9.10  38.38  0.8400E+12    2.69   2.11  -1  -1   -91.04    16  4   0.0  0   0.0  0
       7.3         0.1         0.1         0.1
 -73.48180   -14.97870   117.899    9.10  38.38  0.8400E+12   10.67   2.11  -1  -1  -149.21     0  4   0.0  0   0.0  0
       0.0         0.0         0.0         0.0
 -73.59253   -14.57976   103.000    9.10  38.38  0.8400E+12    2.12   2.11  -1  -1   -87.23    27  4   0.0  0   0.0  0
      12.3         0.2         0.1         0.1
 -73.58226   -14.51772   103.000    9.10  38.38  0.8400E+12    5.01   2.11  -1  -1   -59.41    13  4   0.0  0   0.0  0
       5.5         0.1         0.5         0.2
 -73.57198   -14.45569   103.000    9.10  38.38  0.8400E+12    6.28   2.11  -1  -1   -73.74     2  4   0.0  0   0.0  0
       0.3         0.4         0.2         0.1
 -73.56171   -14.39365   103.000    9.10  38.38  0.8400E+12    8.00   2.11  -1  -1  -149.21     0  4   0.0  0   0.0  0
       0.0         0.0         0.0         0.0
 -73.55145   -14.33161   103.000    9.10  38.38  0.8400E+12   10.00   2.11  -1  -1  -149.21     0  4   0.0  0   0.0  0
       0.0         0.0         0.0         0.0
 -73.74033   -14.93863    95.550    9.10  38.38  0.8400E+12   10.57   2.11  -1  -1  -149.21     0  4   0.0  0   0.0  0
       0.0         0.0         0.0         0.0
 -73.73006   -14.87660    95.550    9.10  38.38  0.8400E+12    8.70   2.11  -1  -1  -149.21     0  4   0.0  0   0.0  0
       0.0         0.0         0.0         0.0
 -73.71978   -14.81456    95.550    9.10  38.38  0.8400E+12    6.91   2.11  -1  -1  -149.21     0  4   0.0  0   0.0  0
       0.0         0.0         0.0         0.0
 -73.70951   -14.75252    95.550    9.10  38.38  0.8400E+12   10.21   2.11  -1  -1  -107.01    14  4   0.0  0   0.0  0
       0.1         0.7         2.0         4.0
 -73.69924   -14.69048    95.550    9.10  38.38  0.8400E+12   10.42   2.11  -1  -1   -72.05    13  4   0.0  0   0.0  0
       0.2         1.6         0.3         4.2
 -73.68897   -14.62845    95.550    9.10  38.38  0.8400E+12    9.89   2.11  -1  -1   -60.48    10  4   0.0  0   0.0  0
       0.1         1.5         0.4         3.0
 -73.67870   -14.56641    95.550    9.10  38.38  0.8400E+12    5.90   2.11  -1  -1   -62.29     6  4   0.0  0   0.0  0
       1.1         0.4         0.3         1.0
 -73.66843   -14.50437    95.550    9.10  38.38  0.8400E+12    5.56   2.11  -1  -1   -59.85    13  4   0.0  0   0.0  0
       5.4         0.3         0.1         0.1
 -73.65816   -14.44233    95.550    9.10  38.38  0.8400E+12    7.59   2.11  -1  -1   -60.24     3  4   0.0  0   0.0  0
       1.0         0.2         0.1         0.1
 -73.64789   -14.38029    95.550    9.10  38.38  0.8400E+12    8.70   2.11  -1  -1  -149.21     0  4   0.0  0   0.0  0
       0.0         0.0         0.0         0.0
 -73.63762   -14.31826    95.550    9.10  38.38  0.8400E+12   10.57   2.11  -1  -1  -149.21     0  4   0.0  0   0.0  0
       0.0         0.0         0.0         0.0
 -73.82650   -14.92528    88.101    9.10  38.38  0.8400E+12   10.67   2.11  -1  -1  -149.21     0  4   0.0  0   0.0  0
       0.0         0.0         0.0         0.0
 -73.81623   -14.86324    88.101    9.10  38.38  0.8400E+12   10.54   2.11  -1  -1  -149.21     0  4   0.0  0   0.0  0
       0.0         0.0         0.0         0.0
 -73.80595   -14.80120    88.101    9.10  38.38  0.8400E+12    9.11   2.11  -1  -1  -149.21     0  4   0.0  0   0.0  0
       0.0         0.0         0.0         0.0
 -73.79568   -14.73917    88.101    9.10  38.38  0.8400E+12    8.21   2.11  -1  -1  -107.81    39  4   0.0  0   0.0  0
       0.7         7.2         8.0         2.5
 -73.78542   -14.67713    88.101    9.10  38.38  0.8400E+12    9.84   2.11  -1  -1   -73.43    19  4   0.0  0   0.0  0
       0.1         1.7         1.7         5.5
 -73.77515   -14.61509    88.101    9.10  38.38  0.8400E+12   10.21   2.11  -1  -1   -60.27    19  4   0.0  0   0.0  0
       0.1         2.6         3.4         2.9
 -73.76488   -14.55305    88.101    9.10  38.38  0.8400E+12    7.42   2.11  -1  -1   -59.64     3  4   0.0  0   0.0  0
       0.3         0.3         0.7         0.1
 -73.75460   -14.49101    88.101    9.10  38.38  0.8400E+12    9.67   2.11  -1  -1   -60.42     2  4   0.0  0   0.0  0
       0.5         0.1         0.1         0.1
 -73.74433   -14.42898    88.101    9.10  38.38  0.8400E+12    9.18   2.11  -1  -1   -59.76     1  4   0.0  0   0.0  0
       0.1         0.1         0.1         0.1
 -73.73406   -14.36694    88.101    9.10  38.38  0.8400E+12   10.54   2.11  -1  -1  -149.21     0  4   0.0  0   0.0  0
       0.0         0.0         0.0         0.0
 -73.72379   -14.30490    88.101    9.10  38.38  0.8400E+12   10.67   2.11  -1  -1  -149.21     0  4   0.0  0   0.0  0
       0.0         0.0         0.0         0.0
