2.0
#
# http://equake-rc.info/static/paper/SRF-Description-Graves_2.0.pdf
# RECTANGULAR fault MODEL
#
# All subfaults are   6.0 km long along strike and
#  11.0 km wide along dip
#
# Model length along strike is   54.0 km
#
# Model width along dip is   55.0 km
#
# Corners of the rectangular dislocation model (lat, lon):
#     52.043  -168.848 : corner 1
#     51.868  -169.590 : corner 2
#     52.300  -169.861 : corner 3
#     52.475  -169.119 : corner 4
#
#
# Number of elementary sliprate
# isoceles triangular functions
# per subfault:   4
#
# Half duration of elementary sliprate
# isoceles triangular functions (s):   1.67
# Triangles are overlapping each other by half
#
# slip rate unit: cm/s
#
#
# Seismic moment is converted into slip
# using a single constant value for the
# shear modulus mu of  0.250E+12 dyne/cm2
# assumed to be constant and characteristic
# of the fault shear zone
#
#
#
# "rake" (degrees) is the slip angle (Aki"s convention,
# e.g. rake=+45 means left-lateral-reverse movement.
#
#
# ************************************************
# Total seismic moment M0=  0.215E+26 dyne.cm
# ************************************************
#
#
PLANE 1
-169.21899    51.95550    9    5    54.000    55.000
249.00  21.00     1.603     0.000    38.499
POINTS   45
-169.40880    52.25790    15.400  249.00  21.00  0.6600E+12    0.00   1.67  -1  -1    65.37    37  4   0.0  0   0.0  0
       6.4         2.0        10.7         2.8
-169.21565    52.40237    19.342  249.00  21.00  0.6600E+12    6.04   1.67  -1  -1   149.02     1  4   0.0  0   0.0  0
       0.5         0.1         0.1         0.1
-169.29810    52.38300    19.342  249.00  21.00  0.6600E+12    7.23   1.67  -1  -1    84.88     2  4   0.0  0   0.0  0
       0.1         0.1         1.1         0.1
-169.38052    52.36363    19.342  249.00  21.00  0.6600E+12    8.04   1.67  -1  -1    94.61     2  4   0.0  0   0.0  0
       0.1         0.3         0.6         0.1
-169.46295    52.34426    19.342  249.00  21.00  0.6600E+12    8.03   1.67  -1  -1   110.38     4  4   0.0  0   0.0  0
       0.1         0.8         0.6         0.9
-169.54539    52.32489    19.342  249.00  21.00  0.6600E+12    8.02   1.67  -1  -1   132.58     2  4   0.0  0   0.0  0
       0.1         0.1         0.5         0.4
-169.62782    52.30552    19.342  249.00  21.00  0.6600E+12    7.97   1.67  -1  -1   149.98     7  4   0.0  0   0.0  0
       0.1         0.1         0.1         3.8
-169.71025    52.28616    19.342  249.00  21.00  0.6600E+12    6.03   1.67  -1  -1    60.00     0  4   0.0  0   0.0  0
       0.0         0.0         0.0         0.0
-169.79269    52.26678    19.342  249.00  21.00  0.6600E+12    7.54   1.67  -1  -1    60.00     0  4   0.0  0   0.0  0
       0.0         0.0         0.0         0.0
-169.07907    52.33538    15.400  249.00  21.00  0.6600E+12    6.86   1.67  -1  -1    60.00     0  4   0.0  0   0.0  0
       0.0         0.0         0.0         0.0
-169.16150    52.31601    15.400  249.00  21.00  0.6600E+12    5.25   1.67  -1  -1    95.68     4  4   0.0  0   0.0  0
       0.7         0.1         0.8         1.1
-169.24393    52.29664    15.400  249.00  21.00  0.6600E+12    3.58   1.67  -1  -1   143.02    11  4   0.0  0   0.0  0
       4.9         0.1         0.4         1.0
-169.32637    52.27727    15.400  249.00  21.00  0.6600E+12    2.06   1.67  -1  -1   119.82     8  4   0.0  0   0.0  0
       0.6         0.9         1.8         1.5
-169.13322    52.42174    19.342  249.00  21.00  0.6600E+12    7.54   1.67  -1  -1    60.00     0  4   0.0  0   0.0  0
       0.0         0.0         0.0         0.0
-169.49123    52.23853    15.400  249.00  21.00  0.6600E+12    4.31   1.67  -1  -1    76.79     9  4   0.0  0   0.0  0
       1.3         2.9         0.5         0.6
-169.57367    52.21916    15.400  249.00  21.00  0.6600E+12    4.27   1.67  -1  -1    66.51    10  4   0.0  0   0.0  0
       1.7         2.3         1.6         0.2
-169.65610    52.19979    15.400  249.00  21.00  0.6600E+12    5.14   1.67  -1  -1    60.00     0  4   0.0  0   0.0  0
       0.0         0.0         0.0         0.0
-169.73853    52.18042    15.400  249.00  21.00  0.6600E+12    6.86   1.67  -1  -1    60.00     0  4   0.0  0   0.0  0
       0.0         0.0         0.0         0.0
-169.02490    52.24902    11.458  249.00  21.00  0.6600E+12    7.54   1.67  -1  -1    60.00     0  4   0.0  0   0.0  0
       0.0         0.0         0.0         0.0
-169.10735    52.22964    11.458  249.00  21.00  0.6600E+12    6.07   1.67  -1  -1    61.82     4  4   0.0  0   0.0  0
       0.3         1.8         0.1         0.1
-169.18977    52.21028    11.458  249.00  21.00  0.6600E+12    5.26   1.67  -1  -1    86.64     2  4   0.0  0   0.0  0
       0.2         0.5         0.3         0.1
-169.27220    52.19091    11.458  249.00  21.00  0.6600E+12    3.59   1.67  -1  -1   104.32     4  4   0.0  0   0.0  0
       0.9         1.0         0.2         0.2
-169.35464    52.17154    11.458  249.00  21.00  0.6600E+12    5.25   1.67  -1  -1   120.00     8  4   0.0  0   0.0  0
       3.1         0.7         1.1         0.1
-169.43707    52.15217    11.458  249.00  21.00  0.6600E+12    3.62   1.67  -1  -1   104.62     8  4   0.0  0   0.0  0
       4.1         0.1         0.2         0.1
-169.51950    52.13280    11.458  249.00  21.00  0.6600E+12    6.63   1.67  -1  -1   133.69     1  4   0.0  0   0.0  0
       0.5         0.2         0.1         0.1
-169.60194    52.11343    11.458  249.00  21.00  0.6600E+12    6.03   1.67  -1  -1    60.00     0  4   0.0  0   0.0  0
       0.0         0.0         0.0         0.0
-169.68437    52.09406    11.458  249.00  21.00  0.6600E+12    7.54   1.67  -1  -1    60.00     0  4   0.0  0   0.0  0
       0.0         0.0         0.0         0.0
-168.97075    52.16265     7.516  249.00  21.00  0.6600E+12    8.11   1.67  -1  -1    60.00     0  4   0.0  0   0.0  0
       0.0         0.0         0.0         0.0
-169.05318    52.14328     7.516  249.00  21.00  0.6600E+12    8.11   1.67  -1  -1    60.65     0  4   0.0  0   0.0  0
       0.1         0.1         0.1         0.1
-169.13562    52.12392     7.516  249.00  21.00  0.6600E+12    7.55   1.67  -1  -1    60.65     0  4   0.0  0   0.0  0
       0.1         0.1         0.1         0.1
-169.21805    52.10455     7.516  249.00  21.00  0.6600E+12    6.72   1.67  -1  -1    95.71     0  4   0.0  0   0.0  0
       0.1         0.0         0.1         0.1
-169.30048    52.08518     7.516  249.00  21.00  0.6600E+12    7.59   1.67  -1  -1   112.18     0  4   0.0  0   0.0  0
       0.1         0.1         0.1         0.1
-169.38292    52.06581     7.516  249.00  21.00  0.6600E+12    7.52   1.67  -1  -1   130.78     0  4   0.0  0   0.0  0
       0.1         0.1         0.1         0.1
-169.46535    52.04644     7.516  249.00  21.00  0.6600E+12    7.97   1.67  -1  -1   149.40     0  4   0.0  0   0.0  0
       0.1         0.1         0.1         0.1
-169.54778    52.02707     7.516  249.00  21.00  0.6600E+12    8.11   1.67  -1  -1    60.00     0  4   0.0  0   0.0  0
       0.0         0.0         0.0         0.0
-169.63022    52.00770     7.516  249.00  21.00  0.6600E+12    8.11   1.67  -1  -1    60.00     0  4   0.0  0   0.0  0
       0.0         0.0         0.0         0.0
-168.91660    52.07629     3.574  249.00  21.00  0.6600E+12    8.11   1.67  -1  -1    60.00     0  4   0.0  0   0.0  0
       0.0         0.0         0.0         0.0
-168.99902    52.05692     3.574  249.00  21.00  0.6600E+12    8.11   1.67  -1  -1   110.01     0  4   0.0  0   0.0  0
       0.1         0.1         0.1         0.1
-169.08145    52.03755     3.574  249.00  21.00  0.6600E+12    8.11   1.67  -1  -1   104.95     0  4   0.0  0   0.0  0
       0.1         0.1         0.1         0.1
-169.16389    52.01818     3.574  249.00  21.00  0.6600E+12    8.11   1.67  -1  -1   144.51     0  4   0.0  0   0.0  0
       0.1         0.1         0.1         0.1
-169.24632    51.99881     3.574  249.00  21.00  0.6600E+12    8.11   1.67  -1  -1   148.17     0  4   0.0  0   0.0  0
       0.1         0.1         0.1         0.1
-169.32875    51.97945     3.574  249.00  21.00  0.6600E+12    8.11   1.67  -1  -1   147.92     0  4   0.0  0   0.0  0
       0.1         0.1         0.1         0.1
-169.41119    51.96008     3.574  249.00  21.00  0.6600E+12    8.11   1.67  -1  -1   146.59     3  4   0.0  0   0.0  0
       1.2         0.5         0.1         0.1
-169.49362    51.94071     3.574  249.00  21.00  0.6600E+12    8.11   1.67  -1  -1    60.00     0  4   0.0  0   0.0  0
       0.0         0.0         0.0         0.0
-169.57605    51.92134     3.574  249.00  21.00  0.6600E+12    8.11   1.67  -1  -1    60.00     0  4   0.0  0   0.0  0
       0.0         0.0         0.0         0.0
