 RECTANGULAR fault MODEL

All subfaults are  18.0 km long along strike and
  7.0 km wide along dip

Model length along strike is  270.0 km

Model width along dip is   35.0 km

 Corners of the rectangular dislocation model (lat, lon):
    -8.496   122.580 : corner 1
    -8.454   120.130 : corner 2
    -8.240   120.134 : corner 3
    -8.282   122.584 : corner 4


 Number of elementary moment rate
 isoceles triangular functions
 per subfault:            4

 Half duration of elementary moment rate
 isoceles triangular functions (s):    4.53999996    

 seismic moment rate unit: dyne.cm
 (1 dyne.cm = 10E-7 N.m)


 Seismic moment is converted into slip
 using a single constant value for the
shear modulus mu of  0.250E+12 dyne/cm2
 assumed to be constant and characteristic
 of the fault shear zone


 "Lat, lon, depth" below are the coord                          in degrees of the subfaults centers

 "rake" (degrees) is the slip angle (Aki"s convention,
 e.g. rake=+45 means left-lateral-reverse movement.

 "ontime" is the rupture onset time in seconds of the subfault.

 amp1, amp2, amp3 and amp4 are the amplitudes
 of the isoceles triangular functions representing
 the moment rate function. Triangles are
 overlapping each other by half

 ************************************************
 Total seismic moment M0=    3.45996075E+27  dyne.cm
 ************************************************

 ================================================

      Lat     Lon      depth(km) strike    dip    rake  ontime       slip(cm)  amp1(dyne.cm/s) amp2(dyne.cm/s) amp3(dyne.cm/s)         	amp4(dyne.cm/s)       M0_subf

    -8.411   121.356     7.700   271.0    47.0   108.4   0.0        337      0.523410E+24      0.135800E+25      0.212200E+26      0.278350E+24         0.106144E+27 : hypocenter
    -8.299   122.339    23.058   271.0    47.0    45.0  31.4          0      0.385730E+21      0.385730E+21      0.385730E+21      0.385730E+21         0.700486E+22
    -8.296   122.175    23.058   271.0    47.0    45.0  26.4          0      0.385730E+21      0.385730E+21      0.385730E+21      0.385730E+21         0.700486E+22
    -8.294   122.012    23.058   271.0    47.0    71.5  26.3        105      0.517410E+25      0.108730E+25      0.958320E+24      0.533090E+23         0.330196E+26
    -8.291   121.849    23.058   271.0    47.0   101.9  31.7         85      0.527430E+24      0.210510E+24      0.571950E+23      0.507650E+25         0.266572E+26
    -8.288   121.685    23.058   271.0    47.0    98.7  27.8        112      0.104820E+24      0.486820E+24      0.210440E+25      0.508180E+25         0.353114E+26
    -8.285   121.522    23.058   271.0    47.0    50.3  11.5        242      0.123850E+26      0.394520E+25      0.733510E+23      0.372110E+24         0.761615E+26
    -8.282   121.359    23.058   271.0    47.0    84.3  20.8        214      0.888990E+25      0.463140E+25      0.351090E+24      0.990460E+24         0.674773E+26
    -8.279   121.195    23.058   271.0    47.0    47.6  17.5        206      0.345710E+25      0.704450E+25      0.285640E+25      0.951350E+24         0.649645E+26
    -8.277   121.032    23.058   271.0    47.0   106.1  26.4        182      0.150920E+25      0.940230E+24      0.593990E+25      0.422990E+25         0.572913E+26
    -8.274   120.869    23.058   271.0    47.0    77.2  29.1        220      0.407870E+25      0.248230E+25      0.267920E+25      0.602780E+25         0.693167E+26
    -8.271   120.705    23.058   271.0    47.0    91.7  27.2        255      0.922690E+25      0.222330E+25      0.618130E+25      0.541530E+23         0.802929E+26
    -8.268   120.542    23.058   271.0    47.0    74.0  32.5        178      0.100740E+26      0.525770E+24      0.194400E+24      0.153960E+25         0.559953E+26
    -8.265   120.379    23.058   271.0    47.0   131.1  31.9        227      0.487350E+25      0.372700E+25      0.711270E+25      0.581330E+23         0.716019E+26
    -8.262   120.215    23.058   271.0    47.0    45.0  32.8          0      0.385730E+21      0.385730E+21      0.385730E+21      0.385730E+21         0.700486E+22
    -8.345   122.501    17.939   271.0    47.0    45.0  32.8          0      0.385730E+21      0.385730E+21      0.385730E+21      0.385730E+21         0.700486E+22
    -8.342   122.338    17.939   271.0    47.0    45.0  31.1          0      0.385730E+21      0.385730E+21      0.385730E+21      0.385730E+21         0.700486E+22
    -8.339   122.175    17.939   271.0    47.0    45.0  26.0          0      0.385730E+21      0.385730E+21      0.385730E+21      0.385730E+21         0.700486E+22
    -8.336   122.011    17.939   271.0    47.0    75.7  27.8         80      0.351290E+25      0.202440E+24      0.409660E+24      0.139320E+25         0.250526E+26
    -8.334   121.848    17.939   271.0    47.0   124.3  22.1        142      0.237900E+25      0.267860E+25      0.395590E+25      0.838840E+24         0.447296E+26
    -8.331   121.685    17.939   271.0    47.0   128.3  21.0        133      0.235690E+25      0.188120E+25      0.386680E+25      0.109660E+25         0.417748E+26
    -8.328   121.521    17.939   271.0    47.0    75.0   8.4        188      0.276460E+25      0.804390E+25      0.214860E+25      0.752210E+23         0.591667E+26
    -8.325   121.358    17.939   271.0    47.0    85.0   5.2        283      0.822630E+25      0.682980E+25      0.336960E+25      0.118220E+25         0.890199E+26
    -8.322   121.195    17.939   271.0    47.0    49.9  10.6        203      0.365020E+25      0.441860E+25      0.380730E+25      0.219570E+25         0.638860E+26
    -8.319   121.031    17.939   271.0    47.0   115.1  11.4        187      0.485340E+25      0.149370E+25      0.429530E+25      0.231140E+25         0.588103E+26
    -8.317   120.868    17.939   271.0    47.0    74.0  29.9        221      0.727010E+25      0.226540E+25      0.197050E+25      0.385870E+25         0.697557E+26
    -8.314   120.705    17.939   271.0    47.0    95.7  23.5        227      0.454490E+25      0.599490E+25      0.123830E+25      0.395450E+25         0.714260E+26
    -8.311   120.541    17.939   271.0    47.0    65.9  32.5        200      0.360310E+25      0.306980E+25      0.299010E+25      0.420630E+25         0.629666E+26
    -8.308   120.378    17.939   271.0    47.0   114.6  31.3        222      0.189430E+25      0.553150E+24      0.119310E+26      0.993190E+24         0.697872E+26
    -8.305   120.214    17.939   271.0    47.0    45.0  32.8          0      0.385730E+21      0.385730E+21      0.385730E+21      0.385730E+21         0.700486E+22
    -8.388   122.501    12.819   271.0    47.0    45.0  32.8          0      0.385730E+21      0.385730E+21      0.385730E+21      0.385730E+21         0.700486E+22
    -8.385   122.337    12.819   271.0    47.0    45.0  30.9          0      0.385730E+21      0.385730E+21      0.385730E+21      0.385730E+21         0.700486E+22
    -8.382   122.174    12.819   271.0    47.0    45.0  25.8          0      0.385730E+21      0.385730E+21      0.385730E+21      0.385730E+21         0.700486E+22
    -8.379   122.011    12.819   271.0    47.0    80.7  29.1         92      0.432270E+25      0.159910E+24      0.157050E+25      0.337010E+24         0.290111E+26
    -8.376   121.847    12.819   271.0    47.0    99.0  24.6        111      0.390000E+25      0.116220E+25      0.209060E+25      0.570290E+24         0.350628E+26
    -8.374   121.684    12.819   271.0    47.0    93.3  20.0        108      0.854750E+24      0.260450E+25      0.306060E+24      0.374130E+25         0.340800E+26
    -8.371   121.521    12.819   271.0    47.0    55.4  11.0        225      0.103890E+26      0.356390E+25      0.160500E+25      0.664160E+23         0.709344E+26
    -8.368   121.357    12.819   271.0    47.0    95.6   2.9        285      0.359690E+25      0.122850E+26      0.367710E+25      0.238980E+24         0.898828E+26
    -8.365   121.194    12.819   271.0    47.0    58.3  14.3        217      0.717230E+25      0.447930E+25      0.240070E+25      0.102900E+25         0.684691E+26
    -8.362   121.030    12.819   271.0    47.0    63.4  26.5        214      0.277820E+25      0.608880E+25      0.357200E+25      0.238040E+25         0.672801E+26
    -8.359   120.867    12.819   271.0    47.0   106.5  30.2        248      0.957770E+25      0.534260E+24      0.313510E+25      0.392780E+25         0.779739E+26
    -8.357   120.704    12.819   271.0    47.0    70.2  27.8        230      0.149510E+25      0.346560E+25      0.691900E+25      0.406190E+25         0.723749E+26
    -8.354   120.540    12.819   271.0    47.0    89.3  32.5        228      0.848290E+25      0.380740E+25      0.343000E+25      0.934400E+23         0.717944E+26
    -8.351   120.377    12.819   271.0    47.0   114.0  31.0        229      0.750360E+25      0.619830E+23      0.739280E+25      0.951170E+24         0.722294E+26
    -8.348   120.214    12.819   271.0    47.0    45.0  32.8          0      0.385730E+21      0.385730E+21      0.385730E+21      0.385730E+21         0.700486E+22
    -8.431   122.500     7.700   271.0    47.0    45.0  32.8          0      0.385730E+21      0.385730E+21      0.385730E+21      0.385730E+21         0.700486E+22
    -8.428   122.337     7.700   271.0    47.0    45.0  30.9          0      0.385730E+21      0.385730E+21      0.385730E+21      0.385730E+21         0.700486E+22
    -8.425   122.173     7.700   271.0    47.0    45.0  25.7          0      0.385730E+21      0.385730E+21      0.385730E+21      0.385730E+21         0.700486E+22
    -8.422   122.010     7.700   271.0    47.0    95.9  20.7         55      0.136420E+24      0.498640E+24      0.178060E+25      0.141740E+25         0.174021E+26
    -8.419   121.846     7.700   271.0    47.0   127.1  25.3        102      0.407630E+25      0.655660E+24      0.159920E+25      0.732220E+24         0.320677E+26
    -8.416   121.683     7.700   271.0    47.0   120.6  18.8        133      0.467500E+25      0.161320E+25      0.567810E+24      0.237080E+25         0.418897E+26
    -8.414   121.520     7.700   271.0    47.0    91.3  12.7        229      0.871390E+25      0.315030E+25      0.194900E+25      0.209820E+25         0.722378E+26
    -8.302   122.502    23.058   271.0    47.0    45.0  32.8          0      0.385730E+21      0.385730E+21      0.385730E+21      0.385730E+21         0.700486E+22
    -8.408   121.193     7.700   271.0    47.0    50.3  10.4        241      0.386600E+25      0.799390E+25      0.204810E+25      0.282970E+25         0.759892E+26
    -8.405   121.030     7.700   271.0    47.0    68.0  22.9        194      0.324270E+25      0.500830E+25      0.226310E+25      0.297820E+25         0.612550E+26
    -8.402   120.866     7.700   271.0    47.0    64.4  21.0        262      0.869360E+25      0.408180E+25      0.217690E+25      0.319410E+25         0.823847E+26
    -8.400   120.703     7.700   271.0    47.0   100.6  23.8        313      0.784260E+25      0.137830E+26      0.618580E+23      0.566940E+23         0.987185E+26
    -8.397   120.540     7.700   271.0    47.0    60.5  32.6        227      0.649790E+23      0.385510E+25      0.467520E+25      0.714460E+25         0.714590E+26
    -8.394   120.376     7.700   271.0    47.0   110.1  30.9        198      0.641690E+25      0.668170E+23      0.597110E+25      0.128160E+25         0.623633E+26
    -8.391   120.213     7.700   271.0    47.0    45.0  32.8          0      0.385730E+21      0.385730E+21      0.385730E+21      0.385730E+21         0.700486E+22
    -8.473   122.499     2.581   271.0    47.0    45.0  32.8          0      0.385730E+21      0.385730E+21      0.385730E+21      0.385730E+21         0.700486E+22
    -8.471   122.336     2.581   271.0    47.0    45.0  30.9          0      0.385730E+21      0.385730E+21      0.385730E+21      0.385730E+21         0.700486E+22
    -8.468   122.172     2.581   271.0    47.0    45.0  25.8          0      0.385730E+21      0.385730E+21      0.385730E+21      0.385730E+21         0.700486E+22
    -8.465   122.009     2.581   271.0    47.0    91.5  30.3         62      0.631720E+24      0.245650E+24      0.444000E+24      0.294940E+25         0.193893E+26
    -8.462   121.846     2.581   271.0    47.0   100.4  17.6        115      0.268240E+25      0.375130E+25      0.115570E+25      0.414950E+24         0.363397E+26
    -8.459   121.682     2.581   271.0    47.0    88.4  11.8        136      0.276390E+25      0.517030E+25      0.104420E+25      0.427850E+24         0.427044E+26
    -8.456   121.519     2.581   271.0    47.0    95.5   7.9        237      0.325250E+25      0.882670E+25      0.160090E+25      0.272960E+25         0.745000E+26
    -8.454   121.356     2.581   271.0    47.0   100.9   2.4        276      0.403310E+25      0.131120E+26      0.133030E+25      0.689770E+24         0.870099E+26
    -8.451   121.192     2.581   271.0    47.0    81.9  16.2        251      0.453930E+25      0.119840E+26      0.728770E+24      0.182100E+24         0.791511E+26
    -8.448   121.029     2.581   271.0    47.0    94.0  18.5        218      0.380540E+25      0.908680E+25      0.136760E+24      0.208860E+25         0.686337E+26
    -8.445   120.866     2.581   271.0    47.0   105.2  16.1        241      0.398190E+25      0.332180E+25      0.543980E+23      0.933450E+25         0.757844E+26
    -8.442   120.702     2.581   271.0    47.0   117.9  23.4        372      0.127260E+26      0.840590E+25      0.606120E+23      0.464960E+25         0.117323E+27
    -8.440   120.539     2.581   271.0    47.0    99.5  25.8        324      0.783850E+25      0.896610E+25      0.404670E+25      0.161200E+25         0.101983E+27
    -8.437   120.376     2.581   271.0    47.0   101.5  32.6        164      0.321200E+25      0.662360E+25      0.814000E+23      0.143440E+25         0.515354E+26
    -8.434   120.212     2.581   271.0    47.0    45.0  32.8          0      0.385730E+21      0.385730E+21      0.385730E+21      0.385730E+21         0.700486E+22
