 RECTANGULAR fault MODEL

All subfaults are   7.0 km long along strike and
  5.6 km wide along dip

Model length along strike is   77.0 km

Model width along dip is   28.0 km

 Corners of the rectangular dislocation model (lat, lon):
   -21.592   168.651 : corner 1
   -20.931   168.434 : corner 2
   -20.872   168.642 : corner 3
   -21.532   168.859 : corner 4


 Number of elementary moment rate
 isoceles triangular functions
 per subfault:            4

 Half duration of elementary moment rate
 isoceles triangular functions (s):    2.10999990    

 seismic moment rate unit: dyne.cm
 (1 dyne.cm = 10E-7 N.m)


 Seismic moment is converted into slip
 using a single constant value for the
shear modulus mu of  0.250E+12 dyne/cm2
 assumed to be constant and characteristic
 of the fault shear zone


 "Lat, lon, depth" below are the coord                          in degrees of the subfaults centers

 "rake" (degrees) is the slip angle (Aki"s convention,
 e.g. rake=+45 means left-lateral-reverse movement.

 "ontime" is the rupture onset time in seconds of the subfault.

 amp1, amp2, amp3 and amp4 are the amplitudes
 of the isoceles triangular functions representing
 the moment rate function. Triangles are
 overlapping each other by half

 ************************************************
 Total seismic moment M0=    9.87186364E+25  dyne.cm
 ************************************************

 ================================================

      Lat     Lon      depth(km) strike    dip    rake  ontime       slip(cm)  amp1(dyne.cm/s) amp2(dyne.cm/s) amp3(dyne.cm/s)         	amp4(dyne.cm/s)       M0_subf

   -21.244   168.605     5.000   343.0    36.0   -86.7   0.0        117      0.507350E+25      0.365990E+24      0.581770E+22      0.978680E+22         0.115102E+26 : hypocenter
   -21.448   168.809    14.875   343.0    36.0  -128.0   9.3          0      0.527200E+20      0.527200E+20      0.527200E+20      0.527200E+20         0.444957E+21
   -21.388   168.789    14.875   343.0    36.0  -128.0   7.7          0      0.527200E+20      0.527200E+20      0.527200E+20      0.527200E+20         0.444957E+21
   -21.328   168.769    14.875   343.0    36.0   -41.7  10.4         13      0.527790E+24      0.732120E+22      0.337550E+23      0.162430E+23         0.123458E+25
   -21.268   168.750    14.875   343.0    36.0  -105.0   5.9         23      0.453140E+24      0.430760E+24      0.166840E+24      0.138310E+23         0.224624E+25
   -21.208   168.730    14.875   343.0    36.0  -111.6  10.3         19      0.579310E+24      0.188990E+24      0.127150E+24      0.729670E+22         0.190480E+25
   -21.148   168.710    14.875   343.0    36.0   -75.6   5.6          1      0.121990E+23      0.956410E+22      0.119730E+23      0.141120E+23         0.100959E+24
   -21.088   168.690    14.875   343.0    36.0   -44.6   6.3         20      0.897300E+24      0.240000E+23      0.138480E+23      0.120200E+23         0.199852E+25
   -21.028   168.671    14.875   343.0    36.0   -56.1   7.7         37      0.167040E+25      0.901550E+22      0.829080E+22      0.902520E+22         0.358010E+25
   -20.968   168.651    14.875   343.0    36.0   -85.2   9.7          1      0.770490E+22      0.832290E+22      0.914050E+22      0.688200E+22         0.676261E+23
   -20.908   168.631    14.875   343.0    36.0   -94.3  10.7          2      0.635830E+22      0.661660E+22      0.818840E+22      0.546640E+23         0.159996E+24
   -21.520   168.787    11.583   343.0    36.0  -128.0  10.5          0      0.527200E+20      0.527200E+20      0.527200E+20      0.527200E+20         0.444957E+21
   -21.460   168.767    11.583   343.0    36.0  -128.0   8.6          0      0.527200E+20      0.527200E+20      0.527200E+20      0.527200E+20         0.444957E+21
   -21.400   168.747    11.583   343.0    36.0  -128.0   6.8          0      0.527200E+20      0.527200E+20      0.527200E+20      0.527200E+20         0.444957E+21
   -21.340   168.728    11.583   343.0    36.0   -71.8   5.8         20      0.696680E+24      0.106270E+24      0.727750E+23      0.364140E+23         0.192461E+25
   -21.280   168.708    11.583   343.0    36.0   -95.6   5.2         33      0.150480E+25      0.140950E+23      0.784030E+22      0.935850E+22         0.324116E+25
   -21.220   168.688    11.583   343.0    36.0   -86.3   3.5         53      0.241660E+25      0.148490E+23      0.927470E+22      0.772990E+22         0.516624E+25
   -21.160   168.668    11.583   343.0    36.0   -89.9   4.0         31      0.140720E+25      0.897160E+22      0.911930E+22      0.914010E+22         0.302665E+25
   -21.100   168.649    11.583   343.0    36.0   -66.6   5.2         20      0.898150E+24      0.950680E+22      0.101500E+23      0.806120E+22         0.195358E+25
   -21.040   168.629    11.583   343.0    36.0   -38.2   7.0         22      0.966440E+24      0.188730E+23      0.785510E+22      0.101210E+23         0.211694E+25
   -20.980   168.609    11.583   343.0    36.0   -57.9   9.0         14      0.603660E+24      0.972940E+22      0.709450E+22      0.718000E+22         0.132437E+25
   -20.920   168.590    11.583   343.0    36.0  -124.5  10.7          2      0.761290E+22      0.710770E+22      0.955160E+22      0.808520E+23         0.221812E+24
   -21.532   168.745     8.292   343.0    36.0  -128.0  10.1          0      0.527200E+20      0.527200E+20      0.527200E+20      0.527200E+20         0.444957E+21
   -21.472   168.725     8.292   343.0    36.0  -128.0   8.2          0      0.527200E+20      0.527200E+20      0.527200E+20      0.527200E+20         0.444957E+21
   -21.412   168.706     8.292   343.0    36.0  -128.0   6.2          0      0.527200E+20      0.527200E+20      0.527200E+20      0.527200E+20         0.444957E+21
   -21.352   168.686     8.292   343.0    36.0   -95.9   7.8          5      0.883080E+23      0.211400E+23      0.748990E+23      0.285200E+23         0.449149E+24
   -21.292   168.666     8.292   343.0    36.0   -94.3   2.6         39      0.166540E+25      0.304040E+23      0.122980E+23      0.102470E+24         0.382031E+25
   -21.232   168.646     8.292   343.0    36.0   -79.8   1.6         63      0.260770E+25      0.296930E+24      0.151070E+23      0.146700E+23         0.619160E+25
   -21.172   168.627     8.292   343.0    36.0   -67.5   2.6         32      0.102710E+25      0.194990E+24      0.117020E+23      0.238040E+24         0.310557E+25
   -21.112   168.607     8.292   343.0    36.0   -94.3   5.0         34      0.130560E+25      0.199890E+24      0.126360E+23      0.407070E+23         0.328914E+25
   -21.052   168.587     8.292   343.0    36.0   -67.8   6.4         37      0.167470E+25      0.497230E+23      0.656600E+22      0.101220E+23         0.367374E+25
   -20.992   168.568     8.292   343.0    36.0   -56.2  10.7          4      0.421770E+23      0.108170E+23      0.114130E+23      0.104930E+24         0.357301E+24
   -20.932   168.548     8.292   343.0    36.0  -127.4  10.7         26      0.188690E+23      0.853820E+22      0.939640E+22      0.119250E+25         0.259383E+25
   -21.544   168.703     5.000   343.0    36.0  -128.0  10.0          0      0.527200E+20      0.527200E+20      0.527200E+20      0.527200E+20         0.444957E+21
   -21.484   168.684     5.000   343.0    36.0  -128.0   8.0          0      0.527200E+20      0.527200E+20      0.527200E+20      0.527200E+20         0.444957E+21
   -21.424   168.664     5.000   343.0    36.0  -128.0   6.0          0      0.527200E+20      0.527200E+20      0.527200E+20      0.527200E+20         0.444957E+21
   -21.364   168.644     5.000   343.0    36.0   -87.8   8.7          1      0.383870E+23      0.720190E+22      0.134560E+23      0.812190E+22         0.141722E+24
   -21.304   168.624     5.000   343.0    36.0  -118.4   2.0         11      0.420170E+24      0.130160E+23      0.197240E+23      0.454440E+23         0.105153E+25
   -21.508   168.828    14.875   343.0    36.0  -128.0  10.7          0      0.527200E+20      0.527200E+20      0.527200E+20      0.527200E+20         0.444957E+21
   -21.184   168.585     5.000   343.0    36.0   -76.8   2.0         24      0.900610E+24      0.169100E+23      0.141860E+23      0.188750E+24         0.236416E+25
   -21.124   168.565     5.000   343.0    36.0   -98.5   6.7         37      0.400330E+24      0.786330E+24      0.125610E+23      0.513900E+24         0.361469E+25
   -21.064   168.546     5.000   343.0    36.0   -98.7   6.2         46      0.192570E+25      0.112610E+23      0.177020E+24      0.154810E+23         0.449316E+25
   -21.003   168.526     5.000   343.0    36.0   -50.9   8.2          3      0.107310E+24      0.108800E+23      0.733020E+22      0.319090E+23         0.332176E+24
   -20.943   168.506     5.000   343.0    36.0   -98.9  10.3          4      0.135060E+24      0.819890E+22      0.180220E+23      0.990280E+22         0.361198E+24
   -21.556   168.661     1.708   343.0    36.0  -128.0  10.1          0      0.527200E+20      0.527200E+20      0.527200E+20      0.527200E+20         0.444957E+21
   -21.496   168.642     1.708   343.0    36.0  -128.0   8.2          0      0.527200E+20      0.527200E+20      0.527200E+20      0.527200E+20         0.444957E+21
   -21.436   168.622     1.708   343.0    36.0  -128.0   6.2          0      0.527200E+20      0.527200E+20      0.527200E+20      0.527200E+20         0.444957E+21
   -21.376   168.602     1.708   343.0    36.0  -104.9   8.7         31      0.122070E+24      0.454300E+24      0.414110E+24      0.449290E+24         0.303791E+25
   -21.316   168.583     1.708   343.0    36.0  -102.8   8.8         24      0.148520E+23      0.571100E+24      0.102960E+23      0.504330E+24         0.232222E+25
   -21.256   168.563     1.708   343.0    36.0   -82.7   1.7         22      0.903070E+24      0.736550E+22      0.580390E+23      0.734210E+23         0.219840E+25
   -21.196   168.543     1.708   343.0    36.0   -94.0   4.7         32      0.342780E+24      0.163180E+23      0.572820E+24      0.534940E+24         0.309507E+25
   -21.135   168.524     1.708   343.0    36.0   -81.9   9.8         36      0.123120E+23      0.783660E+24      0.718070E+22      0.882350E+24         0.355641E+25
   -21.075   168.504     1.708   343.0    36.0   -81.4  10.6         33      0.171100E+24      0.152220E+24      0.996450E+22      0.121970E+25         0.327680E+25
   -21.015   168.484     1.708   343.0    36.0   -72.8   8.8         21      0.629990E+24      0.955910E+22      0.274720E+23      0.298580E+24         0.203742E+25
   -20.955   168.464     1.708   343.0    36.0  -101.3  10.5         16      0.100130E+23      0.433580E+24      0.615830E+23      0.238900E+24         0.157000E+25
