 RECTANGULAR fault MODEL

All subfaults are   7.0 km long along strike and
 12.3 km wide along dip

Model length along strike is   63.0 km

Model width along dip is   61.5 km

 Corners of the rectangular dislocation model (lat, lon):
    13.955   -92.944 : corner 1
    14.253   -93.442 : corner 2
    14.705   -93.153 : corner 3
    14.406   -92.656 : corner 4


 Number of elementary moment rate
 isoceles triangular functions
 per subfault:            4

 Half duration of elementary moment rate
 isoceles triangular functions (s):    1.80999994    

 seismic moment rate unit: dyne.cm
 (1 dyne.cm = 10E-7 N.m)


 Seismic moment is converted into slip
 using a single constant value for the
shear modulus mu of  0.250E+12 dyne/cm2
 assumed to be constant and characteristic
 of the fault shear zone


 "Lat, lon, depth" below are the coord                          in degrees of the subfaults centers

 "rake" (degrees) is the slip angle (Aki"s convention,
 e.g. rake=+45 means left-lateral-reverse movement.

 "ontime" is the rupture onset time in seconds of the subfault.

 amp1, amp2, amp3 and amp4 are the amplitudes
 of the isoceles triangular functions representing
 the moment rate function. Triangles are
 overlapping each other by half

 ************************************************
 Total seismic moment M0=    6.02897704E+25  dyne.cm
 ************************************************

 ================================================

      Lat     Lon      depth(km) strike    dip    rake  ontime       slip(cm)  amp1(dyne.cm/s) amp2(dyne.cm/s) amp3(dyne.cm/s)         	amp4(dyne.cm/s)       M0_subf

    14.420   -92.991    12.000   301.8    16.1    73.6   0.0          9      0.668220E+24      0.184780E+24      0.767840E+23      0.122750E+24         0.190509E+25 : hypocenter
    14.411   -92.767    15.415   301.8    16.1    90.0   7.1         11      0.103830E+25      0.276810E+23      0.289570E+23      0.199840E+24         0.234355E+25
    14.444   -92.823    15.415   301.8    16.1    38.1   5.3          0      0.982410E+20      0.982410E+20      0.982410E+20      0.982410E+20         0.711265E+21
    14.477   -92.878    15.415   301.8    16.1    38.1   4.0          0      0.982410E+20      0.982410E+20      0.982410E+20      0.982410E+20         0.711265E+21
    14.510   -92.933    15.415   301.8    16.1   108.0   4.6          7      0.304330E+24      0.219380E+24      0.127030E+24      0.189070E+24         0.152006E+25
    14.544   -92.988    15.415   301.8    16.1    98.5   6.7          4      0.682200E+23      0.236350E+24      0.125600E+24      0.693200E+23         0.904077E+24
    14.577   -93.044    15.415   301.8    16.1   104.6   5.6         14      0.635020E+24      0.896350E+24      0.922730E+23      0.642110E+23         0.305502E+25
    14.610   -93.099    15.415   301.8    16.1    99.4   7.1          7      0.437670E+24      0.294530E+24      0.873340E+23      0.197340E+23         0.151907E+25
    14.643   -93.154    15.415   301.8    16.1    38.1   8.7          0      0.982410E+20      0.982410E+20      0.982410E+20      0.982410E+20         0.711265E+21
    14.288   -92.770    12.000   301.8    16.1    98.3   8.0          4      0.408360E+24      0.173430E+23      0.130530E+23      0.254180E+23         0.840155E+24
    14.321   -92.825    12.000   301.8    16.1   114.7   6.2          1      0.204880E+23      0.390350E+23      0.353790E+23      0.269180E+23         0.220494E+24
    14.354   -92.880    12.000   301.8    16.1    38.1   4.0          0      0.982410E+20      0.982410E+20      0.982410E+20      0.982410E+20         0.711265E+21
    14.387   -92.936    12.000   301.8    16.1    38.1   2.0          0      0.982410E+20      0.982410E+20      0.982410E+20      0.982410E+20         0.711265E+21
    14.378   -92.712    15.415   301.8    16.1   115.3   8.9          3      0.466880E+23      0.108420E+24      0.113850E+24      0.799610E+23         0.631543E+24
    14.453   -93.046    12.000   301.8    16.1    89.8   3.9          4      0.513440E+23      0.256100E+24      0.939810E+23      0.235370E+23         0.769181E+24
    14.486   -93.101    12.000   301.8    16.1    99.8   5.6          3      0.108490E+24      0.161830E+24      0.965820E+23      0.266430E+23         0.712316E+24
    14.520   -93.157    12.000   301.8    16.1   101.7   6.9          6      0.294520E+24      0.238890E+24      0.137340E+24      0.258970E+23         0.126093E+25
    14.553   -93.212    12.000   301.8    16.1    38.1   8.0          0      0.982410E+20      0.982410E+20      0.982410E+20      0.982410E+20         0.711265E+21
    14.197   -92.828     8.585   301.8    16.1   114.2   8.8          2      0.159930E+23      0.136690E+23      0.493360E+23      0.179840E+24         0.468497E+24
    14.230   -92.883     8.585   301.8    16.1    98.9   8.3          2      0.645740E+23      0.781530E+23      0.717230E+23      0.355470E+23         0.452495E+24
    14.263   -92.938     8.585   301.8    16.1    38.1   5.3          0      0.982410E+20      0.982410E+20      0.982410E+20      0.982410E+20         0.711265E+21
    14.297   -92.993     8.585   301.8    16.1    38.1   4.0          0      0.982410E+20      0.982410E+20      0.982410E+20      0.982410E+20         0.711265E+21
    14.330   -93.049     8.585   301.8    16.1    82.8   3.6          3      0.170700E+24      0.170560E+24      0.450350E+23      0.163950E+23         0.728869E+24
    14.363   -93.104     8.585   301.8    16.1    98.9   7.8         12      0.297560E+24      0.442800E+24      0.259160E+24      0.420290E+24         0.256986E+25
    14.396   -93.159     8.585   301.8    16.1    94.1   8.1         12      0.442550E+24      0.556690E+24      0.208250E+24      0.233610E+24         0.260839E+25
    14.429   -93.214     8.585   301.8    16.1    88.3   7.2         13      0.487580E+24      0.685270E+24      0.211660E+24      0.150210E+24         0.277784E+25
    14.462   -93.270     8.585   301.8    16.1    38.1   8.7          0      0.982410E+20      0.982410E+20      0.982410E+20      0.982410E+20         0.711265E+21
    14.107   -92.885     5.169   301.8    16.1    89.7   9.1          1      0.229160E+23      0.202570E+23      0.420280E+23      0.333850E+23         0.214641E+24
    14.140   -92.941     5.169   301.8    16.1   101.3   9.1          1      0.228550E+23      0.271220E+23      0.421650E+23      0.359770E+23         0.231895E+24
    14.173   -92.996     5.169   301.8    16.1    38.1   8.1          0      0.982410E+20      0.982410E+20      0.982410E+20      0.982410E+20         0.711265E+21
    14.206   -93.051     5.169   301.8    16.1    38.1   7.3          0      0.982410E+20      0.982410E+20      0.982410E+20      0.982410E+20         0.711265E+21
    14.239   -93.106     5.169   301.8    16.1    97.1   7.8          1      0.226180E+23      0.462720E+23      0.294310E+23      0.371950E+23         0.245284E+24
    14.273   -93.162     5.169   301.8    16.1    95.1   8.4          1      0.433550E+23      0.393930E+23      0.239190E+23      0.225490E+23         0.233881E+24
    14.306   -93.217     5.169   301.8    16.1   105.3   8.7          5      0.372240E+24      0.190560E+24      0.208430E+23      0.246970E+23         0.110110E+25
    14.339   -93.272     5.169   301.8    16.1    69.3   9.1          3      0.194410E+23      0.156000E+24      0.260700E+23      0.973440E+23         0.540928E+24
    14.372   -93.327     5.169   301.8    16.1    38.1   9.1          0      0.982410E+20      0.982410E+20      0.982410E+20      0.982410E+20         0.711265E+21
    14.017   -92.943     1.754   301.8    16.1    83.0   9.1         19      0.888900E+24      0.456850E+24      0.920290E+24      0.491190E+23         0.419044E+25
    14.050   -92.998     1.754   301.8    16.1    80.0   9.1         17      0.941070E+24      0.851330E+24      0.182720E+24      0.208770E+23         0.361275E+25
    14.083   -93.054     1.754   301.8    16.1    38.1   9.1          0      0.982410E+20      0.982410E+20      0.982410E+20      0.982410E+20         0.711265E+21
    14.116   -93.109     1.754   301.8    16.1    38.1   9.1          0      0.982410E+20      0.982410E+20      0.982410E+20      0.982410E+20         0.711265E+21
    14.149   -93.164     1.754   301.8    16.1    81.4   9.1          2      0.692500E+23      0.111210E+24      0.580560E+23      0.556390E+23         0.532421E+24
    14.182   -93.219     1.754   301.8    16.1    86.6   9.1         12      0.115190E+24      0.869390E+23      0.819770E+24      0.373530E+24         0.252573E+25
    14.215   -93.275     1.754   301.8    16.1    80.9   9.1         32      0.298790E+24      0.900490E+24      0.262570E+25      0.218690E+23         0.696280E+25
    14.249   -93.330     1.754   301.8    16.1    71.7   9.1         68      0.478720E+25      0.243590E+25      0.830420E+24      0.126780E+23         0.145998E+26
    14.282   -93.385     1.754   301.8    16.1    38.1   9.1          0      0.982410E+20      0.982410E+20      0.982410E+20      0.982410E+20         0.711265E+21
