 RECTANGULAR fault MODEL

All subfaults are   5.0 km long along strike and
  3.3 km wide along dip

Model length along strike is   45.0 km

Model width along dip is   16.5 km

 Corners of the rectangular dislocation model (lat, lon):
    25.748   125.786 : corner 1
    26.153   125.794 : corner 2
    26.152   125.802 : corner 3
    25.748   125.794 : corner 4


 Number of elementary moment rate
 isoceles triangular functions
 per subfault:            4

 Half duration of elementary moment rate
 isoceles triangular functions (s):    1.42999995    

 seismic moment rate unit: dyne.cm
 (1 dyne.cm = 10E-7 N.m)


 Seismic moment is converted into slip
 using a single constant value for the
shear modulus mu of  0.250E+12 dyne/cm2
 assumed to be constant and characteristic
 of the fault shear zone


 "Lat, lon, depth" below are the coord                          in degrees of the subfaults centers

 "rake" (degrees) is the slip angle (Aki"s convention,
 e.g. rake=+45 means left-lateral-reverse movement.

 "ontime" is the rupture onset time in seconds of the subfault.

 amp1, amp2, amp3 and amp4 are the amplitudes
 of the isoceles triangular functions representing
 the moment rate function. Triangles are
 overlapping each other by half

 ************************************************
 Total seismic moment M0=    1.16041204E+25  dyne.cm
 ************************************************

 ================================================

      Lat     Lon      depth(km) strike    dip    rake  ontime       slip(cm)  amp1(dyne.cm/s) amp2(dyne.cm/s) amp3(dyne.cm/s)         	amp4(dyne.cm/s)       M0_subf

    25.950   125.794     8.400     1.0    87.0   177.0   0.0          0      0.497280E+22      0.397950E+22      0.304520E+22      0.226830E+22         0.204001E+23 : hypocenter
    25.815   125.795    14.991     1.0    87.0  -136.6   5.3          0      0.238990E+22      0.202540E+22      0.195990E+22      0.223010E+22         0.123056E+23
    25.860   125.796    14.991     1.0    87.0  -136.8   5.9          1      0.271140E+22      0.253850E+22      0.407050E+22      0.572040E+22         0.215083E+23
    25.905   125.797    14.991     1.0    87.0  -138.0   2.7         41      0.118530E+25      0.350080E+22      0.221680E+22      0.330470E+22         0.170788E+25
    25.950   125.798    14.991     1.0    87.0  -135.4   2.7         31      0.885900E+24      0.279600E+22      0.195400E+22      0.299550E+22         0.127791E+25
    25.995   125.798    14.991     1.0    87.0  -137.6   5.7          1      0.393980E+22      0.280210E+22      0.547080E+22      0.592970E+22         0.259436E+23
    26.040   125.799    14.991     1.0    87.0  -136.7   5.6          1      0.222420E+22      0.445570E+22      0.927440E+22      0.421370E+22         0.288402E+23
    26.085   125.800    14.991     1.0    87.0   134.9   4.7          0      0.147950E+20      0.147950E+20      0.147950E+20      0.147950E+20         0.846274E+20
    26.130   125.801    14.991     1.0    87.0   134.9   6.0          0      0.147950E+20      0.147950E+20      0.147950E+20      0.147950E+20         0.846274E+20
    25.770   125.792    11.695     1.0    87.0  -136.0   6.1          0      0.279370E+22      0.293890E+22      0.309730E+22      0.210610E+22         0.156385E+23
    25.815   125.793    11.695     1.0    87.0  -148.1   5.5          0      0.241860E+22      0.243860E+22      0.262160E+22      0.190020E+22         0.134120E+23
    25.860   125.794    11.695     1.0    87.0  -145.3   6.4          0      0.284480E+22      0.205590E+22      0.259440E+22      0.215130E+22         0.137944E+23
    25.905   125.795    11.695     1.0    87.0  -156.1   2.6         45      0.127700E+25      0.253820E+22      0.259160E+22      0.278540E+22         0.183743E+25
    25.950   125.796    11.695     1.0    87.0  -150.3   1.1          8      0.211950E+24      0.205380E+22      0.217350E+22      0.302550E+22         0.313460E+24
    25.995   125.797    11.695     1.0    87.0  -136.9   5.7          1      0.303540E+22      0.347400E+22      0.166310E+23      0.479570E+22         0.399486E+23
    26.040   125.798    11.695     1.0    87.0  -137.3   6.1          1      0.207730E+22      0.211290E+22      0.205430E+23      0.395580E+22         0.410253E+23
    26.085   125.798    11.695     1.0    87.0   134.9   4.4          0      0.147950E+20      0.147950E+20      0.147950E+20      0.147950E+20         0.846274E+20
    26.130   125.799    11.695     1.0    87.0   134.9   5.8          0      0.147950E+20      0.147950E+20      0.147950E+20      0.147950E+20         0.846274E+20
    25.770   125.791     8.400     1.0    87.0  -155.7   6.3          0      0.228410E+22      0.252630E+22      0.278400E+22      0.221520E+22         0.140277E+23
    25.815   125.791     8.400     1.0    87.0  -153.7   4.5          0      0.210430E+22      0.258390E+22      0.247160E+22      0.225420E+22         0.134620E+23
    25.860   125.792     8.400     1.0    87.0  -168.9   5.5          0      0.273340E+22      0.174940E+22      0.231170E+22      0.289580E+22         0.138571E+23
    25.905   125.793     8.400     1.0    87.0  -167.2   2.0         13      0.376950E+24      0.262410E+22      0.249630E+22      0.246810E+22         0.549890E+24
    25.770   125.794    14.991     1.0    87.0  -153.3   6.2          0      0.299990E+22      0.184900E+22      0.217300E+22      0.302350E+22         0.143649E+23
    25.995   125.795     8.400     1.0    87.0  -164.2   4.1          1      0.560640E+22      0.183350E+22      0.256700E+22      0.640680E+22         0.234716E+23
    26.040   125.796     8.400     1.0    87.0  -136.4   6.1         10      0.280810E+22      0.255910E+22      0.203830E+24      0.920360E+23         0.430763E+24
    26.085   125.797     8.400     1.0    87.0   134.9   4.3          0      0.147950E+20      0.147950E+20      0.147950E+20      0.147950E+20         0.846274E+20
    26.130   125.798     8.400     1.0    87.0   134.9   5.7          0      0.147950E+20      0.147950E+20      0.147950E+20      0.147950E+20         0.846274E+20
    25.770   125.789     5.105     1.0    87.0   171.6   6.1          0      0.233540E+22      0.218790E+22      0.408810E+22      0.211370E+22         0.153369E+23
    25.815   125.790     5.105     1.0    87.0  -177.9   5.6          0      0.199160E+22      0.229670E+22      0.206500E+22      0.214480E+22         0.121523E+23
    25.860   125.791     5.105     1.0    87.0   175.6   4.1          0      0.249330E+22      0.235750E+22      0.248190E+22      0.421360E+22         0.165112E+23
    25.905   125.791     5.105     1.0    87.0  -179.5   2.5          2      0.406360E+23      0.234680E+22      0.291140E+22      0.203680E+22         0.685413E+23
    25.950   125.792     5.105     1.0    87.0   153.9   1.0         26      0.162360E+24      0.595010E+24      0.175040E+22      0.201020E+22         0.108842E+25
    25.995   125.793     5.105     1.0    87.0  -155.5   5.6          2      0.521000E+22      0.274970E+22      0.332530E+23      0.109210E+23         0.745512E+23
    26.040   125.794     5.105     1.0    87.0  -136.0   6.0         19      0.216220E+22      0.248630E+22      0.215740E+24      0.315500E+24         0.766321E+24
    26.085   125.795     5.105     1.0    87.0   134.9   4.4          0      0.147950E+20      0.147950E+20      0.147950E+20      0.147950E+20         0.846274E+20
    26.130   125.796     5.105     1.0    87.0   134.9   5.8          0      0.147950E+20      0.147950E+20      0.147950E+20      0.147950E+20         0.846274E+20
    25.770   125.787     1.809     1.0    87.0   154.5   6.1          0      0.219520E+22      0.208950E+22      0.310000E+22      0.397490E+22         0.162442E+23
    25.815   125.788     1.809     1.0    87.0   136.7   5.7         10      0.305980E+22      0.366390E+22      0.285610E+24      0.256940E+22         0.421711E+24
    25.860   125.789     1.809     1.0    87.0   142.9   4.2          3      0.391400E+22      0.335850E+22      0.265240E+23      0.444090E+23         0.111834E+24
    25.905   125.790     1.809     1.0    87.0   170.6   2.5          5      0.124500E+24      0.191600E+22      0.608510E+22      0.492540E+22         0.196520E+24
    25.950   125.791     1.809     1.0    87.0   149.9   2.1         16      0.445220E+24      0.270350E+22      0.697430E+22      0.299710E+22         0.654790E+24
    25.995   125.792     1.809     1.0    87.0   159.9   6.3          6      0.980420E+23      0.229540E+22      0.296650E+23      0.549720E+23         0.264513E+24
    26.040   125.792     1.809     1.0    87.0   168.4   5.7         36      0.305500E+22      0.238440E+22      0.531660E+24      0.488420E+24         0.146649E+25
    26.085   125.793     1.809     1.0    87.0   134.9   4.7          0      0.147950E+20      0.147950E+20      0.147950E+20      0.147950E+20         0.846274E+20
    26.130   125.794     1.809     1.0    87.0   134.9   6.0          0      0.147950E+20      0.147950E+20      0.147950E+20      0.147950E+20         0.846274E+20
