 RECTANGULAR fault MODEL

All subfaults are   7.0 km long along strike and
  4.1 km wide along dip

Model length along strike is   77.0 km

Model width along dip is   20.5 km

 Corners of the rectangular dislocation model (lat, lon):
   -20.918   168.476 : corner 1
   -21.541   168.796 : corner 2
   -21.588   168.692 : corner 3
   -20.965   168.372 : corner 4


 Number of elementary moment rate
 isoceles triangular functions
 per subfault:            4

 Half duration of elementary moment rate
 isoceles triangular functions (s):    2.10999990    

 seismic moment rate unit: dyne.cm
 (1 dyne.cm = 10E-7 N.m)


 Seismic moment is converted into slip
 using a single constant value for the
shear modulus mu of  0.250E+12 dyne/cm2
 assumed to be constant and characteristic
 of the fault shear zone


 "Lat, lon, depth" below are the coord                          in degrees of the subfaults centers

 "rake" (degrees) is the slip angle (Aki"s convention,
 e.g. rake=+45 means left-lateral-reverse movement.

 "ontime" is the rupture onset time in seconds of the subfault.

 amp1, amp2, amp3 and amp4 are the amplitudes
 of the isoceles triangular functions representing
 the moment rate function. Triangles are
 overlapping each other by half

 ************************************************
 Total seismic moment M0=    9.64195633E+25  dyne.cm
 ************************************************

 ================================================

      Lat     Lon      depth(km) strike    dip    rake  ontime       slip(cm)  amp1(dyne.cm/s) amp2(dyne.cm/s) amp3(dyne.cm/s)         	amp4(dyne.cm/s)       M0_subf

   -21.244   168.605     5.000   154.4    54.3   -88.0   0.0        114      0.385490E+25      0.198520E+23      0.594880E+22      0.837720E+22         0.820595E+25 : hypocenter
   -21.045   168.426    14.990   154.4    54.3   -92.9   8.8         43      0.124680E+25      0.190860E+23      0.604700E+22      0.181690E+24         0.306714E+25
   -21.102   168.455    14.990   154.4    54.3  -113.1   8.0         50      0.132110E+25      0.311110E+24      0.689170E+23      0.137850E+23         0.361846E+25
   -21.158   168.484    14.990   154.4    54.3   -84.7   5.4         53      0.103060E+25      0.255220E+24      0.785140E+23      0.432590E+24         0.379151E+25
   -21.215   168.513    14.990   154.4    54.3   -72.7   6.8         29      0.632760E+23      0.134370E+24      0.360140E+24      0.443700E+24         0.211314E+25
   -21.272   168.542    14.990   154.4    54.3   -63.2   6.7         51      0.104050E+25      0.156750E+24      0.436480E+23      0.483500E+24         0.363848E+25
   -21.328   168.572    14.990   154.4    54.3   -82.5   5.8         50      0.109420E+25      0.254770E+23      0.294680E+24      0.281390E+24         0.357803E+25
   -21.385   168.601    14.990   154.4    54.3   -52.0   8.9         40      0.566050E+24      0.434740E+24      0.323770E+24      0.357750E+23         0.287031E+25
   -21.441   168.630    14.990   154.4    54.3  -140.1   7.0          0      0.385980E+20      0.385980E+20      0.385980E+20      0.385980E+20         0.325767E+21
   -21.498   168.659    14.990   154.4    54.3  -140.1   8.7          0      0.385980E+20      0.385980E+20      0.385980E+20      0.385980E+20         0.325767E+21
   -21.555   168.688    14.990   154.4    54.3  -140.1  10.6          0      0.385980E+20      0.385980E+20      0.385980E+20      0.385980E+20         0.325767E+21
   -20.979   168.417    11.660   154.4    54.3  -123.3  10.3          4      0.345260E+23      0.651220E+23      0.234970E+23      0.877970E+22         0.278361E+24
   -21.036   168.447    11.660   154.4    54.3  -117.5   8.8         11      0.157710E+24      0.695690E+22      0.867080E+23      0.107380E+24         0.756973E+24
   -21.092   168.476    11.660   154.4    54.3   -94.1   8.0         32      0.878570E+24      0.185550E+24      0.102510E+23      0.854120E+22         0.228494E+25
   -21.149   168.505    11.660   154.4    54.3   -92.4   4.9         24      0.611450E+24      0.760780E+23      0.997500E+23      0.164650E+23         0.169590E+25
   -21.206   168.534    11.660   154.4    54.3   -72.5   5.0         24      0.499160E+24      0.163790E+24      0.266060E+23      0.133940E+24         0.173758E+25
   -21.262   168.563    11.660   154.4    54.3   -92.5   3.2         42      0.557770E+24      0.812740E+24      0.545310E+23      0.673620E+22         0.302105E+25
   -21.319   168.592    11.660   154.4    54.3   -76.7   4.0         35      0.631550E+24      0.449000E+24      0.908710E+23      0.811940E+22         0.248883E+25
   -21.376   168.621    11.660   154.4    54.3   -76.5  10.2         19      0.376570E+24      0.243400E+24      0.254960E+23      0.133110E+23         0.139002E+25
   -21.432   168.651    11.660   154.4    54.3  -140.1   6.4          0      0.385980E+20      0.385980E+20      0.385980E+20      0.385980E+20         0.325767E+21
   -21.489   168.680    11.660   154.4    54.3  -140.1   8.3          0      0.385980E+20      0.385980E+20      0.385980E+20      0.385980E+20         0.325767E+21
   -21.545   168.709    11.660   154.4    54.3  -140.1  10.3          0      0.385980E+20      0.385980E+20      0.385980E+20      0.385980E+20         0.325767E+21
   -20.970   168.438     8.330   154.4    54.3   -99.1  10.2         14      0.827670E+22      0.440460E+24      0.111700E+23      0.803720E+22         0.987362E+24
   -21.026   168.467     8.330   154.4    54.3  -106.6   8.1          3      0.543560E+23      0.199150E+23      0.110850E+23      0.101830E+23         0.201587E+24
   -21.083   168.497     8.330   154.4    54.3   -84.2   7.0         34      0.541710E+24      0.586230E+24      0.903630E+22      0.532760E+22         0.241026E+25
   -21.140   168.526     8.330   154.4    54.3   -84.5   4.9         21      0.278440E+24      0.297780E+24      0.146840E+24      0.764630E+22         0.154179E+25
   -21.196   168.555     8.330   154.4    54.3  -110.7   2.6         17      0.328310E+24      0.208400E+24      0.193100E+23      0.104320E+23         0.119521E+25
   -21.253   168.584     8.330   154.4    54.3   -82.9   1.2         45      0.144730E+25      0.374020E+23      0.128340E+23      0.238100E+23         0.321004E+25
   -21.310   168.613     8.330   154.4    54.3   -95.1   3.0         23      0.581480E+24      0.176530E+24      0.207900E+23      0.127040E+23         0.167007E+25
   -21.366   168.642     8.330   154.4    54.3   -62.1  10.7          8      0.148840E+24      0.127440E+23      0.112460E+23      0.885100E+23         0.551427E+24
   -21.423   168.671     8.330   154.4    54.3  -140.1   6.1          0      0.385980E+20      0.385980E+20      0.385980E+20      0.385980E+20         0.325767E+21
   -21.479   168.701     8.330   154.4    54.3  -140.1   8.1          0      0.385980E+20      0.385980E+20      0.385980E+20      0.385980E+20         0.325767E+21
   -21.536   168.730     8.330   154.4    54.3  -140.1  10.1          0      0.385980E+20      0.385980E+20      0.385980E+20      0.385980E+20         0.325767E+21
   -20.961   168.459     5.000   154.4    54.3   -65.3  10.0         24      0.607930E+22      0.784690E+24      0.753510E+22      0.686330E+22         0.169890E+25
   -21.017   168.488     5.000   154.4    54.3   -90.4   8.0          3      0.492620E+22      0.146650E+23      0.647750E+23      0.961360E+22         0.198297E+24
   -21.074   168.517     5.000   154.4    54.3   -81.4   7.8         50      0.156390E+25      0.107590E+24      0.885420E+22      0.837030E+22         0.356319E+25
   -21.130   168.546     5.000   154.4    54.3   -94.7   7.8         36      0.111930E+25      0.138790E+23      0.139290E+23      0.790840E+23         0.258726E+25
   -21.187   168.576     5.000   154.4    54.3   -87.9   3.9         50      0.200950E+24      0.890490E+24      0.235820E+24      0.365260E+24         0.357122E+25
   -20.988   168.397    14.990   154.4    54.3  -139.9  10.6         62      0.747410E+22      0.201110E+23      0.157130E+25      0.502560E+24         0.443405E+25
   -21.300   168.634     5.000   154.4    54.3   -85.2   2.6         37      0.770110E+24      0.157060E+23      0.613020E+22      0.452550E+24         0.262589E+25
   -21.357   168.663     5.000   154.4    54.3  -132.5   4.2         19      0.594500E+23      0.224000E+23      0.431930E+24      0.129690E+24         0.135772E+25
   -21.414   168.692     5.000   154.4    54.3  -140.1   6.0          0      0.385980E+20      0.385980E+20      0.385980E+20      0.385980E+20         0.325767E+21
   -21.470   168.721     5.000   154.4    54.3  -140.1   8.0          0      0.385980E+20      0.385980E+20      0.385980E+20      0.385980E+20         0.325767E+21
   -21.527   168.750     5.000   154.4    54.3  -140.1  10.0          0      0.385980E+20      0.385980E+20      0.385980E+20      0.385980E+20         0.325767E+21
   -20.951   168.480     1.670   154.4    54.3  -105.1  10.7         19      0.636920E+22      0.152770E+24      0.205910E+23      0.459360E+24         0.134848E+25
   -21.008   168.509     1.670   154.4    54.3   -76.5   8.9          4      0.733620E+22      0.513940E+22      0.116650E+24      0.932040E+22         0.292121E+24
   -21.065   168.538     1.670   154.4    54.3   -89.9   9.5         26      0.103000E+24      0.681750E+22      0.786240E+22      0.758200E+24         0.184811E+25
   -21.121   168.567     1.670   154.4    54.3   -85.1   9.2         37      0.839630E+22      0.175840E+24      0.769220E+22      0.105790E+25         0.263714E+25
   -21.178   168.596     1.670   154.4    54.3  -111.9   8.0         21      0.141830E+23      0.784550E+22      0.144010E+23      0.681130E+24         0.151405E+25
   -21.234   168.625     1.670   154.4    54.3  -113.4   1.6         72      0.240640E+25      0.115300E+23      0.897030E+22      0.101270E+23         0.514213E+25
   -21.291   168.655     1.670   154.4    54.3  -104.7   2.4         42      0.308680E+24      0.892470E+22      0.210910E+24      0.898430E+24         0.301085E+25
   -21.348   168.684     1.670   154.4    54.3  -104.9   8.7         60      0.761230E+24      0.570900E+24      0.666330E+23      0.630090E+24         0.428088E+25
   -21.404   168.713     1.670   154.4    54.3  -140.1   6.1          0      0.385980E+20      0.385980E+20      0.385980E+20      0.385980E+20         0.325767E+21
   -21.461   168.742     1.670   154.4    54.3  -140.1   8.1          0      0.385980E+20      0.385980E+20      0.385980E+20      0.385980E+20         0.325767E+21
   -21.518   168.771     1.670   154.4    54.3  -140.1  10.1          0      0.385980E+20      0.385980E+20      0.385980E+20      0.385980E+20         0.325767E+21
