2.0
#
# http://equake-rc.info/static/paper/SRF-Description-Graves_2.0.pdf
# RECTANGULAR fault MODEL
#
# All subfaults are   7.0 km long along strike and
#   4.1 km wide along dip
#
# Model length along strike is   77.0 km
#
# Model width along dip is   20.5 km
#
# Corners of the rectangular dislocation model (lat, lon):
#    -20.918   168.476 : corner 1
#    -21.541   168.796 : corner 2
#    -21.588   168.692 : corner 3
#    -20.965   168.372 : corner 4
#
#
# Number of elementary sliprate
# isoceles triangular functions
# per subfault:   4
#
# Half duration of elementary sliprate
# isoceles triangular functions (s):   2.11
# Triangles are overlapping each other by half
#
# slip rate unit: cm/s
#
#
# Seismic moment is converted into slip
# using a single constant value for the
# shear modulus mu of  0.250E+12 dyne/cm2
# assumed to be constant and characteristic
# of the fault shear zone
#
#
#
# "rake" (degrees) is the slip angle (Aki"s convention,
# e.g. rake=+45 means left-lateral-reverse movement.
#
#
# ************************************************
# Total seismic moment M0=  0.964E+26 dyne.cm
# ************************************************
#
#
PLANE 1
 168.63600   -21.22950   11    5    77.000    20.500
154.37  54.31     0.005     0.000     6.150
POINTS   55
 168.60471   -21.24370     5.000  154.37  54.31  0.2870E+12    0.00   2.11  -1  -1   -87.99   114  4   0.0  0   0.0  0
      53.7         0.3         0.1         0.1
 168.42584   -21.04505    14.990  154.37  54.31  0.2870E+12    8.77   2.11  -1  -1   -92.87    43  4   0.0  0   0.0  0
      17.4         0.3         0.1         2.5
 168.45499   -21.10167    14.990  154.37  54.31  0.2870E+12    8.01   2.11  -1  -1  -113.06    50  4   0.0  0   0.0  0
      18.4         4.3         1.0         0.2
 168.48413   -21.15830    14.990  154.37  54.31  0.2870E+12    5.43   2.11  -1  -1   -84.74    53  4   0.0  0   0.0  0
      14.4         3.6         1.1         6.0
 168.51328   -21.21492    14.990  154.37  54.31  0.2870E+12    6.79   2.11  -1  -1   -72.66    29  4   0.0  0   0.0  0
       0.9         1.9         5.0         6.2
 168.54242   -21.27155    14.990  154.37  54.31  0.2870E+12    6.66   2.11  -1  -1   -63.16    51  4   0.0  0   0.0  0
      14.5         2.2         0.6         6.7
 168.57158   -21.32817    14.990  154.37  54.31  0.2870E+12    5.77   2.11  -1  -1   -82.50    50  4   0.0  0   0.0  0
      15.3         0.4         4.1         3.9
 168.60072   -21.38480    14.990  154.37  54.31  0.2870E+12    8.89   2.11  -1  -1   -52.02    40  4   0.0  0   0.0  0
       7.9         6.1         4.5         0.5
 168.62987   -21.44143    14.990  154.37  54.31  0.2870E+12    6.95   2.11  -1  -1  -140.06     0  4   0.0  0   0.0  0
       0.0         0.0         0.0         0.0
 168.65901   -21.49805    14.990  154.37  54.31  0.2870E+12    8.74   2.11  -1  -1  -140.06     0  4   0.0  0   0.0  0
       0.0         0.0         0.0         0.0
 168.68816   -21.55468    14.990  154.37  54.31  0.2870E+12   10.60   2.11  -1  -1  -140.06     0  4   0.0  0   0.0  0
       0.0         0.0         0.0         0.0
 168.41745   -20.97914    11.660  154.37  54.31  0.2870E+12   10.29   2.11  -1  -1  -123.33     4  4   0.0  0   0.0  0
       0.5         0.9         0.3         0.1
 168.44659   -21.03576    11.660  154.37  54.31  0.2870E+12    8.77   2.11  -1  -1  -117.53    11  4   0.0  0   0.0  0
       2.2         0.1         1.2         1.5
 168.47574   -21.09239    11.660  154.37  54.31  0.2870E+12    8.00   2.11  -1  -1   -94.10    32  4   0.0  0   0.0  0
      12.2         2.6         0.1         0.1
 168.50490   -21.14902    11.660  154.37  54.31  0.2870E+12    4.86   2.11  -1  -1   -92.35    24  4   0.0  0   0.0  0
       8.5         1.1         1.4         0.2
 168.53404   -21.20564    11.660  154.37  54.31  0.2870E+12    5.02   2.11  -1  -1   -72.51    24  4   0.0  0   0.0  0
       7.0         2.3         0.4         1.9
 168.56319   -21.26227    11.660  154.37  54.31  0.2870E+12    3.15   2.11  -1  -1   -92.53    42  4   0.0  0   0.0  0
       7.8        11.3         0.8         0.1
 168.59233   -21.31889    11.660  154.37  54.31  0.2870E+12    4.00   2.11  -1  -1   -76.66    35  4   0.0  0   0.0  0
       8.8         6.3         1.3         0.1
 168.62148   -21.37552    11.660  154.37  54.31  0.2870E+12   10.15   2.11  -1  -1   -76.46    19  4   0.0  0   0.0  0
       5.2         3.4         0.4         0.2
 168.65063   -21.43214    11.660  154.37  54.31  0.2870E+12    6.44   2.11  -1  -1  -140.06     0  4   0.0  0   0.0  0
       0.0         0.0         0.0         0.0
 168.67978   -21.48877    11.660  154.37  54.31  0.2870E+12    8.34   2.11  -1  -1  -140.06     0  4   0.0  0   0.0  0
       0.0         0.0         0.0         0.0
 168.70892   -21.54539    11.660  154.37  54.31  0.2870E+12   10.27   2.11  -1  -1  -140.06     0  4   0.0  0   0.0  0
       0.0         0.0         0.0         0.0
 168.43820   -20.96986     8.330  154.37  54.31  0.2870E+12   10.17   2.11  -1  -1   -99.12    14  4   0.0  0   0.0  0
       0.1         6.1         0.2         0.1
 168.46736   -21.02648     8.330  154.37  54.31  0.2870E+12    8.10   2.11  -1  -1  -106.57     3  4   0.0  0   0.0  0
       0.8         0.3         0.2         0.1
 168.49651   -21.08311     8.330  154.37  54.31  0.2870E+12    7.01   2.11  -1  -1   -84.22    34  4   0.0  0   0.0  0
       7.5         8.2         0.1         0.1
 168.52565   -21.13973     8.330  154.37  54.31  0.2870E+12    4.91   2.11  -1  -1   -84.46    21  4   0.0  0   0.0  0
       3.9         4.2         2.0         0.1
 168.55479   -21.19636     8.330  154.37  54.31  0.2870E+12    2.59   2.11  -1  -1  -110.65    17  4   0.0  0   0.0  0
       4.6         2.9         0.3         0.1
 168.58394   -21.25298     8.330  154.37  54.31  0.2870E+12    1.23   2.11  -1  -1   -82.91    45  4   0.0  0   0.0  0
      20.2         0.5         0.2         0.3
 168.61310   -21.30961     8.330  154.37  54.31  0.2870E+12    3.03   2.11  -1  -1   -95.12    23  4   0.0  0   0.0  0
       8.1         2.5         0.3         0.2
 168.64224   -21.36623     8.330  154.37  54.31  0.2870E+12   10.66   2.11  -1  -1   -62.11     8  4   0.0  0   0.0  0
       2.1         0.2         0.2         1.2
 168.67139   -21.42286     8.330  154.37  54.31  0.2870E+12    6.11   2.11  -1  -1  -140.06     0  4   0.0  0   0.0  0
       0.0         0.0         0.0         0.0
 168.70053   -21.47948     8.330  154.37  54.31  0.2870E+12    8.09   2.11  -1  -1  -140.06     0  4   0.0  0   0.0  0
       0.0         0.0         0.0         0.0
 168.72968   -21.53611     8.330  154.37  54.31  0.2870E+12   10.07   2.11  -1  -1  -140.06     0  4   0.0  0   0.0  0
       0.0         0.0         0.0         0.0
 168.45897   -20.96057     5.000  154.37  54.31  0.2870E+12   10.03   2.11  -1  -1   -65.32    24  4   0.0  0   0.0  0
       0.1        10.9         0.1         0.1
 168.48811   -21.01720     5.000  154.37  54.31  0.2870E+12    8.04   2.11  -1  -1   -90.38     3  4   0.0  0   0.0  0
       0.1         0.2         0.9         0.1
 168.51726   -21.07382     5.000  154.37  54.31  0.2870E+12    7.79   2.11  -1  -1   -81.43    50  4   0.0  0   0.0  0
      21.8         1.5         0.1         0.1
 168.54642   -21.13045     5.000  154.37  54.31  0.2870E+12    7.78   2.11  -1  -1   -94.73    36  4   0.0  0   0.0  0
      15.6         0.2         0.2         1.1
 168.57556   -21.18707     5.000  154.37  54.31  0.2870E+12    3.89   2.11  -1  -1   -87.87    50  4   0.0  0   0.0  0
       2.8        12.4         3.3         5.1
 168.39668   -20.98842    14.990  154.37  54.31  0.2870E+12   10.61   2.11  -1  -1  -139.95    62  4   0.0  0   0.0  0
       0.1         0.3        21.9         7.0
 168.63385   -21.30033     5.000  154.37  54.31  0.2870E+12    2.60   2.11  -1  -1   -85.16    37  4   0.0  0   0.0  0
      10.7         0.2         0.1         6.3
 168.66299   -21.35695     5.000  154.37  54.31  0.2870E+12    4.15   2.11  -1  -1  -132.53    19  4   0.0  0   0.0  0
       0.8         0.3         6.0         1.8
 168.69215   -21.41358     5.000  154.37  54.31  0.2870E+12    6.00   2.11  -1  -1  -140.06     0  4   0.0  0   0.0  0
       0.0         0.0         0.0         0.0
 168.72130   -21.47020     5.000  154.37  54.31  0.2870E+12    8.00   2.11  -1  -1  -140.06     0  4   0.0  0   0.0  0
       0.0         0.0         0.0         0.0
 168.75044   -21.52683     5.000  154.37  54.31  0.2870E+12   10.00   2.11  -1  -1  -140.06     0  4   0.0  0   0.0  0
       0.0         0.0         0.0         0.0
 168.47974   -20.95129     1.670  154.37  54.31  0.2870E+12   10.66   2.11  -1  -1  -105.12    19  4   0.0  0   0.0  0
       0.1         2.1         0.3         6.4
 168.50888   -21.00792     1.670  154.37  54.31  0.2870E+12    8.91   2.11  -1  -1   -76.46     4  4   0.0  0   0.0  0
       0.1         0.1         1.6         0.1
 168.53802   -21.06454     1.670  154.37  54.31  0.2870E+12    9.51   2.11  -1  -1   -89.89    26  4   0.0  0   0.0  0
       1.4         0.1         0.1        10.6
 168.56717   -21.12117     1.670  154.37  54.31  0.2870E+12    9.23   2.11  -1  -1   -85.08    37  4   0.0  0   0.0  0
       0.1         2.5         0.1        14.7
 168.59631   -21.17779     1.670  154.37  54.31  0.2870E+12    7.98   2.11  -1  -1  -111.88    21  4   0.0  0   0.0  0
       0.2         0.1         0.2         9.5
 168.62547   -21.23442     1.670  154.37  54.31  0.2870E+12    1.57   2.11  -1  -1  -113.38    72  4   0.0  0   0.0  0
      33.5         0.2         0.1         0.1
 168.65462   -21.29104     1.670  154.37  54.31  0.2870E+12    2.43   2.11  -1  -1  -104.74    42  4   0.0  0   0.0  0
       4.3         0.1         2.9        12.5
 168.68376   -21.34767     1.670  154.37  54.31  0.2870E+12    8.73   2.11  -1  -1  -104.88    60  4   0.0  0   0.0  0
      10.6         8.0         0.9         8.8
 168.71291   -21.40429     1.670  154.37  54.31  0.2870E+12    6.11   2.11  -1  -1  -140.06     0  4   0.0  0   0.0  0
       0.0         0.0         0.0         0.0
 168.74205   -21.46092     1.670  154.37  54.31  0.2870E+12    8.09   2.11  -1  -1  -140.06     0  4   0.0  0   0.0  0
       0.0         0.0         0.0         0.0
 168.77121   -21.51754     1.670  154.37  54.31  0.2870E+12   10.07   2.11  -1  -1  -140.06     0  4   0.0  0   0.0  0
       0.0         0.0         0.0         0.0
