2.0
#
# http://equake-rc.info/static/paper/SRF-Description-Graves_2.0.pdf
# RECTANGULAR fault MODEL
#
# All subfaults are   7.0 km long along strike and
#   5.6 km wide along dip
#
# Model length along strike is   77.0 km
#
# Model width along dip is   28.0 km
#
# Corners of the rectangular dislocation model (lat, lon):
#    -21.592   168.651 : corner 1
#    -20.931   168.434 : corner 2
#    -20.872   168.642 : corner 3
#    -21.532   168.859 : corner 4
#
#
# Number of elementary sliprate
# isoceles triangular functions
# per subfault:   4
#
# Half duration of elementary sliprate
# isoceles triangular functions (s):   2.11
# Triangles are overlapping each other by half
#
# slip rate unit: cm/s
#
#
# Seismic moment is converted into slip
# using a single constant value for the
# shear modulus mu of  0.250E+12 dyne/cm2
# assumed to be constant and characteristic
# of the fault shear zone
#
#
#
# "rake" (degrees) is the slip angle (Aki"s convention,
# e.g. rake=+45 means left-lateral-reverse movement.
#
#
# ************************************************
# Total seismic moment M0=  0.987E+26 dyne.cm
# ************************************************
#
#
PLANE 1
 168.54251   -21.26150   11    5    77.000    28.000
343.00  36.00     0.062     0.000     8.401
POINTS   55
 168.60471   -21.24370     5.000  343.00  36.00  0.3920E+12    0.00   2.11  -1  -1   -86.65   117  4   0.0  0   0.0  0
      51.8         3.7         0.1         0.1
 168.80862   -21.44829    14.875  343.00  36.00  0.3920E+12    9.33   2.11  -1  -1  -128.00     0  4   0.0  0   0.0  0
       0.0         0.0         0.0         0.0
 168.78893   -21.38823    14.875  343.00  36.00  0.3920E+12    7.68   2.11  -1  -1  -128.00     0  4   0.0  0   0.0  0
       0.0         0.0         0.0         0.0
 168.76923   -21.32817    14.875  343.00  36.00  0.3920E+12   10.41   2.11  -1  -1   -41.74    13  4   0.0  0   0.0  0
       5.4         0.1         0.3         0.2
 168.74953   -21.26811    14.875  343.00  36.00  0.3920E+12    5.90   2.11  -1  -1  -104.97    23  4   0.0  0   0.0  0
       4.6         4.4         1.7         0.1
 168.72983   -21.20805    14.875  343.00  36.00  0.3920E+12   10.25   2.11  -1  -1  -111.59    19  4   0.0  0   0.0  0
       5.9         1.9         1.3         0.1
 168.71013   -21.14799    14.875  343.00  36.00  0.3920E+12    5.58   2.11  -1  -1   -75.56     1  4   0.0  0   0.0  0
       0.1         0.1         0.1         0.1
 168.69041   -21.08792    14.875  343.00  36.00  0.3920E+12    6.26   2.11  -1  -1   -44.56    20  4   0.0  0   0.0  0
       9.2         0.2         0.1         0.1
 168.67072   -21.02786    14.875  343.00  36.00  0.3920E+12    7.69   2.11  -1  -1   -56.09    37  4   0.0  0   0.0  0
      17.0         0.1         0.1         0.1
 168.65102   -20.96780    14.875  343.00  36.00  0.3920E+12    9.69   2.11  -1  -1   -85.21     1  4   0.0  0   0.0  0
       0.1         0.1         0.1         0.1
 168.63132   -20.90774    14.875  343.00  36.00  0.3920E+12   10.67   2.11  -1  -1   -94.29     2  4   0.0  0   0.0  0
       0.1         0.1         0.1         0.6
 168.78662   -21.52024    11.583  343.00  36.00  0.3920E+12   10.50   2.11  -1  -1  -128.00     0  4   0.0  0   0.0  0
       0.0         0.0         0.0         0.0
 168.76692   -21.46017    11.583  343.00  36.00  0.3920E+12    8.62   2.11  -1  -1  -128.00     0  4   0.0  0   0.0  0
       0.0         0.0         0.0         0.0
 168.74722   -21.40011    11.583  343.00  36.00  0.3920E+12    6.80   2.11  -1  -1  -128.00     0  4   0.0  0   0.0  0
       0.0         0.0         0.0         0.0
 168.72752   -21.34005    11.583  343.00  36.00  0.3920E+12    5.78   2.11  -1  -1   -71.77    20  4   0.0  0   0.0  0
       7.1         1.1         0.7         0.4
 168.70782   -21.27999    11.583  343.00  36.00  0.3920E+12    5.20   2.11  -1  -1   -95.59    33  4   0.0  0   0.0  0
      15.4         0.1         0.1         0.1
 168.68813   -21.21993    11.583  343.00  36.00  0.3920E+12    3.48   2.11  -1  -1   -86.29    53  4   0.0  0   0.0  0
      24.7         0.2         0.1         0.1
 168.66841   -21.15987    11.583  343.00  36.00  0.3920E+12    4.00   2.11  -1  -1   -89.88    31  4   0.0  0   0.0  0
      14.4         0.1         0.1         0.1
 168.64871   -21.09981    11.583  343.00  36.00  0.3920E+12    5.16   2.11  -1  -1   -66.61    20  4   0.0  0   0.0  0
       9.2         0.1         0.1         0.1
 168.62901   -21.03975    11.583  343.00  36.00  0.3920E+12    6.99   2.11  -1  -1   -38.17    22  4   0.0  0   0.0  0
       9.9         0.2         0.1         0.1
 168.60931   -20.97969    11.583  343.00  36.00  0.3920E+12    9.04   2.11  -1  -1   -57.92    14  4   0.0  0   0.0  0
       6.2         0.1         0.1         0.1
 168.58961   -20.91963    11.583  343.00  36.00  0.3920E+12   10.66   2.11  -1  -1  -124.52     2  4   0.0  0   0.0  0
       0.1         0.1         0.1         0.8
 168.74492   -21.53212     8.292  343.00  36.00  0.3920E+12   10.13   2.11  -1  -1  -128.00     0  4   0.0  0   0.0  0
       0.0         0.0         0.0         0.0
 168.72522   -21.47206     8.292  343.00  36.00  0.3920E+12    8.16   2.11  -1  -1  -128.00     0  4   0.0  0   0.0  0
       0.0         0.0         0.0         0.0
 168.70552   -21.41200     8.292  343.00  36.00  0.3920E+12    6.21   2.11  -1  -1  -128.00     0  4   0.0  0   0.0  0
       0.0         0.0         0.0         0.0
 168.68582   -21.35194     8.292  343.00  36.00  0.3920E+12    7.82   2.11  -1  -1   -95.93     5  4   0.0  0   0.0  0
       0.9         0.2         0.8         0.3
 168.66611   -21.29188     8.292  343.00  36.00  0.3920E+12    2.63   2.11  -1  -1   -94.34    39  4   0.0  0   0.0  0
      17.0         0.3         0.1         1.0
 168.64641   -21.23182     8.292  343.00  36.00  0.3920E+12    1.65   2.11  -1  -1   -79.81    63  4   0.0  0   0.0  0
      26.6         3.0         0.2         0.1
 168.62671   -21.17175     8.292  343.00  36.00  0.3920E+12    2.58   2.11  -1  -1   -67.53    32  4   0.0  0   0.0  0
      10.5         2.0         0.1         2.4
 168.60701   -21.11169     8.292  343.00  36.00  0.3920E+12    5.02   2.11  -1  -1   -94.29    34  4   0.0  0   0.0  0
      13.3         2.0         0.1         0.4
 168.58731   -21.05163     8.292  343.00  36.00  0.3920E+12    6.39   2.11  -1  -1   -67.84    37  4   0.0  0   0.0  0
      17.1         0.5         0.1         0.1
 168.56761   -20.99157     8.292  343.00  36.00  0.3920E+12   10.66   2.11  -1  -1   -56.19     4  4   0.0  0   0.0  0
       0.4         0.1         0.1         1.1
 168.54791   -20.93151     8.292  343.00  36.00  0.3920E+12   10.66   2.11  -1  -1  -127.41    26  4   0.0  0   0.0  0
       0.2         0.1         0.1        12.2
 168.70322   -21.54400     5.000  343.00  36.00  0.3920E+12   10.00   2.11  -1  -1  -128.00     0  4   0.0  0   0.0  0
       0.0         0.0         0.0         0.0
 168.68352   -21.48394     5.000  343.00  36.00  0.3920E+12    8.00   2.11  -1  -1  -128.00     0  4   0.0  0   0.0  0
       0.0         0.0         0.0         0.0
 168.66380   -21.42388     5.000  343.00  36.00  0.3920E+12    6.00   2.11  -1  -1  -128.00     0  4   0.0  0   0.0  0
       0.0         0.0         0.0         0.0
 168.64410   -21.36382     5.000  343.00  36.00  0.3920E+12    8.67   2.11  -1  -1   -87.81     1  4   0.0  0   0.0  0
       0.4         0.1         0.1         0.1
 168.62440   -21.30376     5.000  343.00  36.00  0.3920E+12    2.00   2.11  -1  -1  -118.37    11  4   0.0  0   0.0  0
       4.3         0.1         0.2         0.5
 168.82832   -21.50835    14.875  343.00  36.00  0.3920E+12   10.67   2.11  -1  -1  -128.00     0  4   0.0  0   0.0  0
       0.0         0.0         0.0         0.0
 168.58501   -21.18364     5.000  343.00  36.00  0.3920E+12    2.00   2.11  -1  -1   -76.81    24  4   0.0  0   0.0  0
       9.2         0.2         0.1         1.9
 168.56531   -21.12358     5.000  343.00  36.00  0.3920E+12    6.66   2.11  -1  -1   -98.51    37  4   0.0  0   0.0  0
       4.1         8.0         0.1         5.2
 168.54561   -21.06352     5.000  343.00  36.00  0.3920E+12    6.16   2.11  -1  -1   -98.75    46  4   0.0  0   0.0  0
      19.6         0.1         1.8         0.2
 168.52589   -21.00346     5.000  343.00  36.00  0.3920E+12    8.15   2.11  -1  -1   -50.89     3  4   0.0  0   0.0  0
       1.1         0.1         0.1         0.3
 168.50620   -20.94340     5.000  343.00  36.00  0.3920E+12   10.29   2.11  -1  -1   -98.90     4  4   0.0  0   0.0  0
       1.4         0.1         0.2         0.1
 168.66150   -21.55589     1.708  343.00  36.00  0.3920E+12   10.13   2.11  -1  -1  -128.00     0  4   0.0  0   0.0  0
       0.0         0.0         0.0         0.0
 168.64180   -21.49583     1.708  343.00  36.00  0.3920E+12    8.16   2.11  -1  -1  -128.00     0  4   0.0  0   0.0  0
       0.0         0.0         0.0         0.0
 168.62210   -21.43577     1.708  343.00  36.00  0.3920E+12    6.21   2.11  -1  -1  -128.00     0  4   0.0  0   0.0  0
       0.0         0.0         0.0         0.0
 168.60240   -21.37571     1.708  343.00  36.00  0.3920E+12    8.75   2.11  -1  -1  -104.90    31  4   0.0  0   0.0  0
       1.2         4.6         4.2         4.6
 168.58270   -21.31565     1.708  343.00  36.00  0.3920E+12    8.76   2.11  -1  -1  -102.85    24  4   0.0  0   0.0  0
       0.2         5.8         0.1         5.1
 168.56300   -21.25558     1.708  343.00  36.00  0.3920E+12    1.71   2.11  -1  -1   -82.68    22  4   0.0  0   0.0  0
       9.2         0.1         0.6         0.7
 168.54330   -21.19552     1.708  343.00  36.00  0.3920E+12    4.65   2.11  -1  -1   -94.02    32  4   0.0  0   0.0  0
       3.5         0.2         5.8         5.5
 168.52359   -21.13546     1.708  343.00  36.00  0.3920E+12    9.80   2.11  -1  -1   -81.88    36  4   0.0  0   0.0  0
       0.1         8.0         0.1         9.0
 168.50389   -21.07540     1.708  343.00  36.00  0.3920E+12   10.57   2.11  -1  -1   -81.43    33  4   0.0  0   0.0  0
       1.7         1.6         0.1        12.4
 168.48419   -21.01534     1.708  343.00  36.00  0.3920E+12    8.84   2.11  -1  -1   -72.77    21  4   0.0  0   0.0  0
       6.4         0.1         0.3         3.0
 168.46449   -20.95528     1.708  343.00  36.00  0.3920E+12   10.55   2.11  -1  -1  -101.34    16  4   0.0  0   0.0  0
       0.1         4.4         0.6         2.4
