 RECTANGULAR fault MODEL

All subfaults are   9.0 km long along strike and
 10.7 km wide along dip

Model length along strike is   99.0 km

Model width along dip is   53.5 km

 Corners of the rectangular dislocation model (lat, lon):
    33.040   131.040 : corner 1
    32.284   130.479 : corner 2
    32.350   130.353 : corner 3
    33.106   130.914 : corner 4


 Number of elementary moment rate
 isoceles triangular functions
 per subfault:            4

 Half duration of elementary moment rate
 isoceles triangular functions (s):    2.45000005    

 seismic moment rate unit: dyne.cm
 (1 dyne.cm = 10E-7 N.m)


 Seismic moment is converted into slip
 using a single constant value for the
shear modulus mu of  0.250E+12 dyne/cm2
 assumed to be constant and characteristic
 of the fault shear zone


 "Lat, lon, depth" below are the coord                          in degrees of the subfaults centers

 "rake" (degrees) is the slip angle (Aki"s convention,
 e.g. rake=+45 means left-lateral-reverse movement.

 "ontime" is the rupture onset time in seconds of the subfault.

 amp1, amp2, amp3 and amp4 are the amplitudes
 of the isoceles triangular functions representing
 the moment rate function. Triangles are
 overlapping each other by half

 ************************************************
 Total seismic moment M0=    1.97324010E+26  dyne.cm
 ************************************************

 ================================================

      Lat     Lon      depth(km) strike    dip    rake  ontime       slip(cm)  amp1(dyne.cm/s) amp2(dyne.cm/s) amp3(dyne.cm/s)         	amp4(dyne.cm/s)       M0_subf

    32.682   130.722    15.600   212.0    75.0  -164.1   0.0        138      0.134550E+26      0.294880E+23      0.444390E+23      0.279710E+23         0.332144E+26 : hypocenter
    32.996   130.850    46.606   212.0    75.0   168.7  13.6         27      0.680600E+23      0.218630E+23      0.283120E+23      0.252830E+25         0.648401E+25
    32.927   130.799    46.606   212.0    75.0  -159.4  12.4          6      0.262830E+23      0.291550E+23      0.285710E+23      0.488800E+24         0.140338E+25
    32.859   130.748    46.606   212.0    75.0  -119.0  11.6         77      0.744410E+25      0.335840E+23      0.238290E+23      0.232830E+23         0.184358E+26
    32.790   130.697    46.606   212.0    75.0  -133.6  11.9         17      0.162160E+25      0.243260E+23      0.309690E+23      0.294430E+23         0.418053E+25
    32.721   130.646    46.606   212.0    75.0  -160.4   9.9         13      0.115380E+25      0.255110E+23      0.372400E+23      0.299290E+23         0.305388E+25
    32.653   130.595    46.606   212.0    75.0   178.2  13.1          3      0.253700E+24      0.210860E+23      0.207760E+23      0.249120E+23         0.785161E+24
    32.584   130.544    46.606   212.0    75.0  -172.0  11.9         14      0.120180E+25      0.281870E+23      0.135830E+24      0.566520E+23         0.348505E+25
    32.515   130.493    46.606   212.0    75.0   161.6  12.4          2      0.240450E+23      0.706720E+23      0.425550E+23      0.199290E+23         0.385142E+24
    32.447   130.442    46.606   212.0    75.0   151.0  13.6          0      0.153260E+21      0.153260E+21      0.153260E+21      0.153260E+21         0.150195E+22
    32.378   130.391    46.606   212.0    75.0   151.0  13.6          0      0.153260E+21      0.153260E+21      0.153260E+21      0.153260E+21         0.150195E+22
    33.052   130.926    36.271   212.0    75.0   151.0  13.6          0      0.153260E+21      0.153260E+21      0.153260E+21      0.153260E+21         0.150195E+22
    32.983   130.875    36.271   212.0    75.0  -175.7  13.5          1      0.272800E+23      0.406100E+23      0.220590E+23      0.339690E+23         0.303599E+24
    32.914   130.824    36.271   212.0    75.0  -143.7   9.8          5      0.434440E+24      0.209110E+23      0.340310E+23      0.278280E+23         0.126716E+25
    32.846   130.773    36.271   212.0    75.0  -125.4   8.9         12      0.108210E+25      0.467900E+23      0.597750E+23      0.295190E+23         0.298455E+25
    32.777   130.722    36.271   212.0    75.0  -122.7   7.0         38      0.356780E+25      0.401070E+23      0.655950E+23      0.258750E+23         0.906347E+25
    32.708   130.671    36.271   212.0    75.0  -144.7   7.0          9      0.884140E+23      0.254340E+23      0.697230E+24      0.360280E+23         0.207541E+25
    32.639   130.620    36.271   212.0    75.0  -146.4  11.9          6      0.690010E+23      0.426180E+24      0.348910E+23      0.241220E+23         0.135778E+25
    32.571   130.569    36.271   212.0    75.0  -158.1  11.9          6      0.513230E+24      0.577560E+23      0.307440E+23      0.274310E+23         0.154144E+25
    32.502   130.518    36.271   212.0    75.0  -172.0  11.9          9      0.769250E+24      0.205730E+23      0.348990E+23      0.215060E+23         0.207326E+25
    32.433   130.467    36.271   212.0    75.0   151.0  12.0          0      0.153260E+21      0.153260E+21      0.153260E+21      0.153260E+21         0.150195E+22
    32.365   130.416    36.271   212.0    75.0   151.0  13.6          0      0.153260E+21      0.153260E+21      0.153260E+21      0.153260E+21         0.150195E+22
    33.038   130.952    25.935   212.0    75.0   151.0  13.2          0      0.153260E+21      0.153260E+21      0.153260E+21      0.153260E+21         0.150195E+22
    32.970   130.901    25.935   212.0    75.0  -148.8  11.4          1      0.239070E+23      0.291630E+23      0.205330E+23      0.270850E+23         0.246686E+24
    32.901   130.850    25.935   212.0    75.0  -170.1  12.3          1      0.315530E+23      0.201420E+23      0.238290E+23      0.282380E+23         0.254217E+24
    32.832   130.799    25.935   212.0    75.0  -157.8  11.9          2      0.816690E+23      0.195140E+23      0.282170E+23      0.267500E+23         0.382567E+24
    32.764   130.748    25.935   212.0    75.0  -120.1   4.0         60      0.579230E+25      0.374280E+23      0.290220E+23      0.251070E+23         0.144155E+26
    32.695   130.697    25.935   212.0    75.0  -142.3   3.2         31      0.288420E+25      0.278090E+23      0.127540E+24      0.299290E+23         0.752022E+25
    32.626   130.646    25.935   212.0    75.0  -152.5  11.1          2      0.677070E+23      0.351450E+23      0.350910E+23      0.292940E+23         0.409731E+24
    32.558   130.595    25.935   212.0    75.0  -165.1  11.4          1      0.391600E+23      0.295510E+23      0.327170E+23      0.303280E+23         0.322802E+24
    32.489   130.544    25.935   212.0    75.0  -173.8   8.7         28      0.264960E+25      0.296040E+23      0.364610E+23      0.256620E+23         0.671625E+25
    32.420   130.493    25.935   212.0    75.0   151.0  10.7          0      0.153260E+21      0.153260E+21      0.153260E+21      0.153260E+21         0.150195E+22
    32.351   130.442    25.935   212.0    75.0   151.0  13.2          0      0.153260E+21      0.153260E+21      0.153260E+21      0.153260E+21         0.150195E+22
    33.025   130.977    15.600   212.0    75.0   151.0  12.9          0      0.153260E+21      0.153260E+21      0.153260E+21      0.153260E+21         0.150195E+22
    32.956   130.926    15.600   212.0    75.0  -127.4  11.9          1      0.252530E+23      0.197150E+23      0.284030E+23      0.242140E+23         0.239083E+24
    32.888   130.875    15.600   212.0    75.0  -162.7  10.5          1      0.262940E+23      0.255380E+23      0.270610E+23      0.278720E+23         0.261574E+24
    32.819   130.824    15.600   212.0    75.0  -147.5   5.5         10      0.915450E+24      0.258640E+23      0.193230E+23      0.262750E+23         0.241793E+25
    32.750   130.773    15.600   212.0    75.0  -157.4   2.8         33      0.313270E+25      0.266550E+23      0.375060E+23      0.865670E+23         0.804440E+25
    33.065   130.901    46.606   212.0    75.0   151.0  13.6          0      0.153260E+21      0.153260E+21      0.153260E+21      0.153260E+21         0.150195E+22
    32.613   130.671    15.600   212.0    75.0   164.2   2.7         70      0.680060E+25      0.638510E+23      0.219390E+23      0.297420E+23         0.169445E+26
    32.544   130.620    15.600   212.0    75.0  -165.1   5.2         44      0.396820E+25      0.109620E+24      0.150150E+24      0.790760E+23         0.105523E+26
    32.476   130.569    15.600   212.0    75.0  -161.5   8.9         21      0.177110E+25      0.647210E+23      0.226620E+24      0.245780E+23         0.511320E+25
    32.407   130.518    15.600   212.0    75.0   151.0  10.3          0      0.153260E+21      0.153260E+21      0.153260E+21      0.153260E+21         0.150195E+22
    32.338   130.467    15.600   212.0    75.0   151.0  12.9          0      0.153260E+21      0.153260E+21      0.153260E+21      0.153260E+21         0.150195E+22
    33.012   131.002     5.265   212.0    75.0   151.0  13.2          0      0.153260E+21      0.153260E+21      0.153260E+21      0.153260E+21         0.150195E+22
    32.943   130.951     5.265   212.0    75.0  -125.0  12.6          2      0.372010E+23      0.297230E+23      0.618430E+23      0.261980E+23         0.379664E+24
    32.875   130.900     5.265   212.0    75.0  -136.8  10.0          1      0.206930E+23      0.246270E+23      0.384110E+23      0.272060E+23         0.271796E+24
    32.806   130.849     5.265   212.0    75.0  -139.0  10.3          1      0.371520E+23      0.370430E+23      0.402450E+23      0.243030E+23         0.339920E+24
    32.737   130.798     5.265   212.0    75.0  -159.2   7.9          2      0.189430E+23      0.325240E+23      0.748930E+23      0.472510E+23         0.425347E+24
    32.668   130.747     5.265   212.0    75.0  -138.8   6.5         19      0.707800E+23      0.645710E+24      0.385410E+24      0.734750E+24         0.449979E+25
    32.600   130.696     5.265   212.0    75.0  -147.8   6.6         26      0.105080E+25      0.105800E+25      0.380030E+24      0.246400E+23         0.615800E+25
    32.531   130.645     5.265   212.0    75.0  -124.5   9.5         31      0.922200E+24      0.141960E+25      0.357510E+24      0.310270E+24         0.737347E+25
    32.462   130.594     5.265   212.0    75.0  -147.6   8.8         50      0.453830E+25      0.273350E+24      0.196660E+23      0.334570E+23         0.119187E+26
    32.394   130.543     5.265   212.0    75.0   151.0  10.7          0      0.153260E+21      0.153260E+21      0.153260E+21      0.153260E+21         0.150195E+22
    32.325   130.492     5.265   212.0    75.0   151.0  13.2          0      0.153260E+21      0.153260E+21      0.153260E+21      0.153260E+21         0.150195E+22
