2.0
#
# http://equake-rc.info/static/paper/SRF-Description-Graves_2.0.pdf
# RECTANGULAR fault MODEL
#
# All subfaults are   9.0 km long along strike and
#   8.2 km wide along dip
#
# Model length along strike is   99.0 km
#
# Model width along dip is   41.0 km
#
# Corners of the rectangular dislocation model (lat, lon):
#     32.915   130.270 : corner 1
#     32.500   131.206 : corner 2
#     32.413   131.152 : corner 3
#     32.828   130.215 : corner 4
#
#
# Number of elementary sliprate
# isoceles triangular functions
# per subfault:   4
#
# Half duration of elementary sliprate
# isoceles triangular functions (s):   2.45
# Triangles are overlapping each other by half
#
# slip rate unit: cm/s
#
#
# Seismic moment is converted into slip
# using a single constant value for the
# shear modulus mu of  0.250E+12 dyne/cm2
# assumed to be constant and characteristic
# of the fault shear zone
#
#
#
# "rake" (degrees) is the slip angle (Aki"s convention,
# e.g. rake=+45 means left-lateral-reverse movement.
#
#
# ************************************************
# Total seismic moment M0=  0.202E+27 dyne.cm
# ************************************************
#
#
PLANE 1
 130.73801    32.70750   11    5    99.000    41.000
117.76  74.56     0.144     0.000    12.300
POINTS   55
 130.72169    32.68170    12.000  117.76  74.56  0.7380E+12    0.00   2.45  -1  -1    -8.69    75  4   0.0  0   0.0  0
      29.2         1.2         0.1         0.1
 130.34842    32.78043    35.712  117.76  74.56  0.7380E+12   12.91   2.45  -1  -1    29.36    78  4   0.0  0   0.0  0
      23.3         0.9         7.0         0.8
 130.43359    32.74270    35.712  117.76  74.56  0.7380E+12   11.06   2.45  -1  -1    28.82    28  4   0.0  0   0.0  0
      10.3         0.6         0.3         0.1
 130.51875    32.70498    35.712  117.76  74.56  0.7380E+12    8.86   2.45  -1  -1    26.83    12  4   0.0  0   0.0  0
       4.2         0.3         0.2         0.1
 130.60391    32.66726    35.712  117.76  74.56  0.7380E+12    8.92   2.45  -1  -1     0.89    17  4   0.0  0   0.0  0
       6.6         0.1         0.1         0.1
 130.68909    32.62954    35.712  117.76  74.56  0.7380E+12    8.81   2.45  -1  -1    13.20     1  4   0.0  0   0.0  0
       0.2         0.1         0.2         0.1
 130.77425    32.59182    35.712  117.76  74.56  0.7380E+12    7.91   2.45  -1  -1   -25.47     1  4   0.0  0   0.0  0
       0.2         0.2         0.1         0.1
 130.85941    32.55409    35.712  117.76  74.56  0.7380E+12    8.71   2.45  -1  -1   -60.58     0  4   0.0  0   0.0  0
       0.0         0.0         0.0         0.0
 130.94456    32.51637    35.712  117.76  74.56  0.7380E+12   10.78   2.45  -1  -1   -56.27     8  4   0.0  0   0.0  0
       2.8         0.2         0.1         0.1
 131.02974    32.47865    35.712  117.76  74.56  0.7380E+12   12.46   2.45  -1  -1   -60.58     0  4   0.0  0   0.0  0
       0.0         0.0         0.0         0.0
 131.11490    32.44093    35.712  117.76  74.56  0.7380E+12   13.59   2.45  -1  -1   -60.58     0  4   0.0  0   0.0  0
       0.0         0.0         0.0         0.0
 130.27412    32.83554    27.808  117.76  74.56  0.7380E+12   13.59   2.45  -1  -1   -60.58     0  4   0.0  0   0.0  0
       0.0         0.0         0.0         0.0
 130.35930    32.79781    27.808  117.76  74.56  0.7380E+12   13.18   2.45  -1  -1    24.40    37  4   0.0  0   0.0  0
       2.1         1.1         0.4        11.6
 130.44446    32.76009    27.808  117.76  74.56  0.7380E+12    9.74   2.45  -1  -1    12.41    35  4   0.0  0   0.0  0
      13.8         0.2         0.1         0.2
 130.52962    32.72237    27.808  117.76  74.56  0.7380E+12    6.98   2.45  -1  -1    23.47    37  4   0.0  0   0.0  0
      14.8         0.1         0.1         0.1
 130.61479    32.68465    27.808  117.76  74.56  0.7380E+12    5.37   2.45  -1  -1     7.24    61  4   0.0  0   0.0  0
      24.4         0.2         0.2         0.1
 130.69995    32.64693    27.808  117.76  74.56  0.7380E+12    5.74   2.45  -1  -1     9.19    52  4   0.0  0   0.0  0
      20.9         0.1         0.1         0.1
 130.78511    32.60920    27.808  117.76  74.56  0.7380E+12    5.93   2.45  -1  -1    -4.11    41  4   0.0  0   0.0  0
      16.0         0.2         0.3         0.1
 130.87029    32.57148    27.808  117.76  74.56  0.7380E+12    6.96   2.45  -1  -1   -60.58     0  4   0.0  0   0.0  0
       0.0         0.0         0.0         0.0
 130.95544    32.53376    27.808  117.76  74.56  0.7380E+12    9.41   2.45  -1  -1   -51.61    14  4   0.0  0   0.0  0
       2.0         3.6         0.1         0.1
 131.04060    32.49604    27.808  117.76  74.56  0.7380E+12   11.30   2.45  -1  -1   -60.58     0  4   0.0  0   0.0  0
       0.0         0.0         0.0         0.0
 131.12578    32.45831    27.808  117.76  74.56  0.7380E+12   13.59   2.45  -1  -1   -60.58     0  4   0.0  0   0.0  0
       0.0         0.0         0.0         0.0
 130.28500    32.85292    19.904  117.76  74.56  0.7380E+12   13.07   2.45  -1  -1   -60.58     0  4   0.0  0   0.0  0
       0.0         0.0         0.0         0.0
 130.37016    32.81520    19.904  117.76  74.56  0.7380E+12   12.91   2.45  -1  -1     5.08    34  4   0.0  0   0.0  0
       0.1         0.1         0.1        13.6
 130.45534    32.77748    19.904  117.76  74.56  0.7380E+12   10.46   2.45  -1  -1    10.85     8  4   0.0  0   0.0  0
       1.0         0.1         0.4         1.8
 130.54050    32.73976    19.904  117.76  74.56  0.7380E+12    5.84   2.45  -1  -1   -26.62    26  4   0.0  0   0.0  0
       9.9         0.4         0.2         0.1
 130.62566    32.70203    19.904  117.76  74.56  0.7380E+12    3.49   2.45  -1  -1    -0.18    64  4   0.0  0   0.0  0
      25.6         0.3         0.2         0.1
 130.71083    32.66431    19.904  117.76  74.56  0.7380E+12    2.83   2.45  -1  -1   -21.51   151  4   0.0  0   0.0  0
      61.3         0.1         0.1         0.1
 130.79599    32.62659    19.904  117.76  74.56  0.7380E+12    5.95   2.45  -1  -1    -6.53    20  4   0.0  0   0.0  0
       7.4         0.2         0.3         0.1
 130.88115    32.58887    19.904  117.76  74.56  0.7380E+12    5.65   2.45  -1  -1   -60.58     0  4   0.0  0   0.0  0
       0.0         0.0         0.0         0.0
 130.96631    32.55115    19.904  117.76  74.56  0.7380E+12    8.39   2.45  -1  -1   -47.60     3  4   0.0  0   0.0  0
       0.1         0.6         0.4         0.1
 131.05148    32.51342    19.904  117.76  74.56  0.7380E+12   10.55   2.45  -1  -1   -60.58     0  4   0.0  0   0.0  0
       0.0         0.0         0.0         0.0
 131.13664    32.47570    19.904  117.76  74.56  0.7380E+12   13.07   2.45  -1  -1   -60.58     0  4   0.0  0   0.0  0
       0.0         0.0         0.0         0.0
 130.29587    32.87031    12.000  117.76  74.56  0.7380E+12   12.86   2.45  -1  -1   -60.58     0  4   0.0  0   0.0  0
       0.0         0.0         0.0         0.0
 130.38104    32.83259    12.000  117.76  74.56  0.7380E+12   12.88   2.45  -1  -1     3.05    13  4   0.0  0   0.0  0
       0.2         0.1         0.2         4.9
 130.46620    32.79487    12.000  117.76  74.56  0.7380E+12   13.46   2.45  -1  -1     4.07    21  4   0.0  0   0.0  0
       0.1         0.1         0.3         8.1
 130.55136    32.75714    12.000  117.76  74.56  0.7380E+12   12.89   2.45  -1  -1   -15.82     9  4   0.0  0   0.0  0
       0.2         0.6         2.5         0.5
 130.63654    32.71943    12.000  117.76  74.56  0.7380E+12    2.78   2.45  -1  -1   -35.19    30  4   0.0  0   0.0  0
       8.9         0.1         0.4         2.8
 130.26326    32.81815    35.712  117.76  74.56  0.7380E+12   13.59   2.45  -1  -1   -60.58     0  4   0.0  0   0.0  0
       0.0         0.0         0.0         0.0
 130.80685    32.64398    12.000  117.76  74.56  0.7380E+12    7.46   2.45  -1  -1   -18.67    30  4   0.0  0   0.0  0
       4.8         0.5         2.4         4.7
 130.89203    32.60626    12.000  117.76  74.56  0.7380E+12    5.14   2.45  -1  -1   -60.58     0  4   0.0  0   0.0  0
       0.0         0.0         0.0         0.0
 130.97719    32.56853    12.000  117.76  74.56  0.7380E+12    9.41   2.45  -1  -1   -36.42     2  4   0.0  0   0.0  0
       0.1         0.3         0.1         0.1
 131.06235    32.53081    12.000  117.76  74.56  0.7380E+12   10.29   2.45  -1  -1   -60.58     0  4   0.0  0   0.0  0
       0.0         0.0         0.0         0.0
 131.14752    32.49309    12.000  117.76  74.56  0.7380E+12   12.86   2.45  -1  -1   -60.58     0  4   0.0  0   0.0  0
       0.0         0.0         0.0         0.0
 130.30675    32.88770     4.096  117.76  74.56  0.7380E+12   13.07   2.45  -1  -1   -60.58     0  4   0.0  0   0.0  0
       0.0         0.0         0.0         0.0
 130.39191    32.84998     4.096  117.76  74.56  0.7380E+12   12.67   2.45  -1  -1   -18.57    13  4   0.0  0   0.0  0
       1.5         2.9         0.6         0.2
 130.47708    32.81226     4.096  117.76  74.56  0.7380E+12   12.77   2.45  -1  -1   -32.75    10  4   0.0  0   0.0  0
       0.5         1.2         0.4         2.0
 130.56224    32.77454     4.096  117.76  74.56  0.7380E+12   10.50   2.45  -1  -1   -37.49    15  4   0.0  0   0.0  0
       1.5         2.2         0.5         1.8
 130.64740    32.73681     4.096  117.76  74.56  0.7380E+12    8.70   2.45  -1  -1   -35.38    24  4   0.0  0   0.0  0
       0.2         1.4         2.8         5.3
 130.73256    32.69909     4.096  117.76  74.56  0.7380E+12    7.39   2.45  -1  -1   -34.94    48  4   0.0  0   0.0  0
       0.6         6.8         6.1         6.1
 130.81773    32.66137     4.096  117.76  74.56  0.7380E+12    9.19   2.45  -1  -1   -31.54    57  4   0.0  0   0.0  0
       8.4         7.9         4.6         2.4
 130.90289    32.62365     4.096  117.76  74.56  0.7380E+12    5.65   2.45  -1  -1   -60.58     0  4   0.0  0   0.0  0
       0.0         0.0         0.0         0.0
 130.98805    32.58592     4.096  117.76  74.56  0.7380E+12   11.86   2.45  -1  -1   -40.55    17  4   0.0  0   0.0  0
       1.7         4.3         0.7         0.1
 131.07323    32.54820     4.096  117.76  74.56  0.7380E+12   10.55   2.45  -1  -1   -60.58     0  4   0.0  0   0.0  0
       0.0         0.0         0.0         0.0
 131.15839    32.51048     4.096  117.76  74.56  0.7380E+12   13.07   2.45  -1  -1   -60.58     0  4   0.0  0   0.0  0
       0.0         0.0         0.0         0.0
