 RECTANGULAR fault MODEL

All subfaults are   4.0 km long along strike and
  7.0 km wide along dip

Model length along strike is   36.0 km

Model width along dip is   35.0 km

 Corners of the rectangular dislocation model (lat, lon):
   -13.885   166.693 : corner 1
   -14.061   166.972 : corner 2
   -14.219   166.866 : corner 3
   -14.043   166.587 : corner 4


 Number of elementary moment rate
 isoceles triangular functions
 per subfault:            4

 Half duration of elementary moment rate
 isoceles triangular functions (s):    1.23000002    

 seismic moment rate unit: dyne.cm
 (1 dyne.cm = 10E-7 N.m)


 Seismic moment is converted into slip
 using a single constant value for the
shear modulus mu of  0.250E+12 dyne/cm2
 assumed to be constant and characteristic
 of the fault shear zone


 "Lat, lon, depth" below are the coord                          in degrees of the subfaults centers

 "rake" (degrees) is the slip angle (Aki"s convention,
 e.g. rake=+45 means left-lateral-reverse movement.

 "ontime" is the rupture onset time in seconds of the subfault.

 amp1, amp2, amp3 and amp4 are the amplitudes
 of the isoceles triangular functions representing
 the moment rate function. Triangles are
 overlapping each other by half

 ************************************************
 Total seismic moment M0=    1.05837710E+25  dyne.cm
 ************************************************

 ================================================

      Lat     Lon      depth(km) strike    dip    rake  ontime       slip(cm)  amp1(dyne.cm/s) amp2(dyne.cm/s) amp3(dyne.cm/s)         	amp4(dyne.cm/s)       M0_subf

   -14.021   166.801    14.000   123.0    53.0   165.7   0.0          0      0.408040E+22      0.589220E+22      0.325870E+22      0.553000E+22         0.230764E+23 : hypocenter
   -14.057   166.644    30.771   123.0    53.0   100.2   5.0          0      0.488960E+22      0.439820E+22      0.510330E+22      0.382340E+22         0.224038E+23
   -14.077   166.675    30.771   123.0    53.0    93.6   5.0          0      0.373770E+22      0.343690E+22      0.456140E+22      0.492750E+22         0.204961E+23
   -14.096   166.706    30.771   123.0    53.0    93.4   5.0          2      0.288710E+22      0.362910E+22      0.508690E+22      0.917570E+23         0.127133E+24
   -14.116   166.737    30.771   123.0    53.0   114.3   5.0         21      0.335100E+22      0.272330E+22      0.298170E+22      0.117670E+25         0.145848E+25
   -14.135   166.768    30.771   123.0    53.0    93.0   5.0          7      0.448320E+22      0.363000E+22      0.301150E+22      0.384460E+24         0.486569E+24
   -14.155   166.799    30.771   123.0    53.0    80.3   5.0          0      0.453740E+22      0.307390E+22      0.301260E+22      0.118110E+23         0.275949E+23
   -14.174   166.830    30.771   123.0    53.0    79.1   5.0         17      0.946740E+24      0.431240E+22      0.416660E+22      0.746340E+22         0.118410E+25
   -14.194   166.861    30.771   123.0    53.0    79.0   5.0          0      0.212430E+20      0.212430E+20      0.212430E+20      0.212430E+20         0.104516E+21
   -14.006   166.634    25.181   123.0    53.0    79.0   5.0          0      0.212430E+20      0.212430E+20      0.212430E+20      0.212430E+20         0.104516E+21
   -14.025   166.665    25.181   123.0    53.0    83.7   5.0          0      0.400880E+22      0.562530E+22      0.276050E+22      0.289620E+22         0.188077E+23
   -14.045   166.696    25.181   123.0    53.0   104.8   4.8          0      0.256410E+22      0.303290E+22      0.384260E+22      0.391490E+22         0.164260E+23
   -14.064   166.727    25.181   123.0    53.0    86.6   4.8          0      0.260850E+22      0.505740E+22      0.495820E+22      0.306220E+22         0.192941E+23
   -14.084   166.758    25.181   123.0    53.0    97.2   4.7          0      0.332280E+22      0.438110E+22      0.349530E+22      0.747280E+22         0.229666E+23
   -14.103   166.789    25.181   123.0    53.0    98.8   4.9          0      0.258230E+22      0.274140E+22      0.324110E+22      0.453870E+22         0.161173E+23
   -14.123   166.820    25.181   123.0    53.0    85.1   4.8          0      0.274550E+22      0.425750E+22      0.312360E+22      0.305950E+22         0.162189E+23
   -14.143   166.851    25.181   123.0    53.0    80.4   5.0          1      0.402280E+23      0.303120E+22      0.329580E+22      0.358110E+22         0.616674E+23
   -14.162   166.882    25.181   123.0    53.0    79.0   5.0          0      0.212430E+20      0.212430E+20      0.212430E+20      0.212430E+20         0.104516E+21
   -13.974   166.655    19.590   123.0    53.0    79.0   5.0          0      0.212430E+20      0.212430E+20      0.212430E+20      0.212430E+20         0.104516E+21
   -13.994   166.686    19.590   123.0    53.0   111.0   4.8          0      0.243270E+22      0.259510E+22      0.272110E+22      0.354460E+22         0.138910E+23
   -14.013   166.717    19.590   123.0    53.0    81.9   5.0          0      0.292800E+22      0.481950E+22      0.389760E+22      0.281060E+22         0.177805E+23
   -14.033   166.748    19.590   123.0    53.0    98.4   4.9          0      0.314470E+22      0.294370E+22      0.252100E+22      0.495840E+22         0.166884E+23
   -14.052   166.779    19.590   123.0    53.0    92.2   4.9          0      0.276040E+22      0.355970E+22      0.665240E+22      0.454400E+22         0.215453E+23
   -14.072   166.810    19.590   123.0    53.0    80.4   2.5         15      0.822070E+24      0.251050E+22      0.317540E+22      0.329750E+22         0.102220E+25
   -14.091   166.841    19.590   123.0    53.0   149.6   3.7          0      0.296140E+22      0.378420E+22      0.268850E+22      0.310650E+22         0.154249E+23
   -14.111   166.872    19.590   123.0    53.0   162.7   4.3          0      0.262590E+22      0.287250E+22      0.343730E+22      0.268650E+22         0.142953E+23
   -14.130   166.904    19.590   123.0    53.0    79.0   5.0          0      0.212430E+20      0.212430E+20      0.212430E+20      0.212430E+20         0.104516E+21
   -13.942   166.676    14.000   123.0    53.0    79.0   4.6          0      0.212430E+20      0.212430E+20      0.212430E+20      0.212430E+20         0.104516E+21
   -13.962   166.707    14.000   123.0    53.0   129.7   4.8          0      0.654780E+22      0.361800E+22      0.366980E+22      0.299100E+22         0.206967E+23
   -13.981   166.739    14.000   123.0    53.0    79.7   4.0          0      0.385610E+22      0.322550E+22      0.453720E+22      0.299910E+22         0.179800E+23
   -14.001   166.770    14.000   123.0    53.0   133.1   3.3          1      0.310560E+22      0.449000E+22      0.208010E+23      0.318650E+22         0.388472E+23
   -14.037   166.613    30.771   123.0    53.0    79.0   5.0          0      0.212430E+20      0.212430E+20      0.212430E+20      0.212430E+20         0.104516E+21
   -14.040   166.832    14.000   123.0    53.0    95.9   1.2         37      0.212310E+25      0.252850E+22      0.295580E+22      0.267090E+22         0.262144E+25
   -14.060   166.863    14.000   123.0    53.0   115.6   2.4         13      0.748090E+24      0.271870E+22      0.320970E+22      0.248150E+22         0.930495E+24
   -14.079   166.894    14.000   123.0    53.0   156.5   4.7          0      0.308120E+22      0.288730E+22      0.278250E+22      0.309380E+22         0.145691E+23
   -14.099   166.925    14.000   123.0    53.0    79.0   4.6          0      0.212430E+20      0.212430E+20      0.212430E+20      0.212430E+20         0.104516E+21
   -13.911   166.698     8.410   123.0    53.0    79.0   5.0          0      0.212430E+20      0.212430E+20      0.212430E+20      0.212430E+20         0.104516E+21
   -13.930   166.729     8.410   123.0    53.0   168.9   4.6         17      0.367250E+22      0.279260E+22      0.378170E+22      0.933330E+24         0.116060E+25
   -13.950   166.760     8.410   123.0    53.0    98.0   4.7          1      0.981300E+22      0.168070E+23      0.294950E+22      0.461920E+22         0.420521E+23
   -13.969   166.791     8.410   123.0    53.0    79.8   4.0          0      0.321450E+22      0.554100E+22      0.654200E+22      0.277970E+22         0.222350E+23
   -13.989   166.822     8.410   123.0    53.0   150.8   2.7         12      0.644650E+24      0.486250E+22      0.281730E+22      0.257340E+22         0.805531E+24
   -14.008   166.853     8.410   123.0    53.0   134.1   4.6          0      0.346430E+22      0.403750E+22      0.337360E+22      0.463740E+22         0.190807E+23
   -14.028   166.884     8.410   123.0    53.0   168.5   3.4          3      0.170800E+24      0.637350E+22      0.418100E+22      0.265900E+22         0.226337E+24
   -14.047   166.915     8.410   123.0    53.0   167.7   4.0          0      0.498610E+22      0.357910E+22      0.411960E+22      0.331830E+22         0.196838E+23
   -14.067   166.946     8.410   123.0    53.0    79.0   5.0          0      0.212430E+20      0.212430E+20      0.212430E+20      0.212430E+20         0.104516E+21
