2.0
#
# http://equake-rc.info/static/paper/SRF-Description-Graves_2.0.pdf
# RECTANGULAR fault MODEL
#
# All subfaults are   4.0 km long along strike and
#   7.0 km wide along dip
#
# Model length along strike is   36.0 km
#
# Model width along dip is   35.0 km
#
# Corners of the rectangular dislocation model (lat, lon):
#    -13.885   166.693 : corner 1
#    -14.061   166.972 : corner 2
#    -14.219   166.866 : corner 3
#    -14.043   166.587 : corner 4
#
#
# Number of elementary sliprate
# isoceles triangular functions
# per subfault:   4
#
# Half duration of elementary sliprate
# isoceles triangular functions (s):   1.23
# Triangles are overlapping each other by half
#
# slip rate unit: cm/s
#
#
# Seismic moment is converted into slip
# using a single constant value for the
# shear modulus mu of  0.250E+12 dyne/cm2
# assumed to be constant and characteristic
# of the fault shear zone
#
#
#
# "rake" (degrees) is the slip angle (Aki"s convention,
# e.g. rake=+45 means left-lateral-reverse movement.
#
#
# ************************************************
# Total seismic moment M0=  0.106E+26 dyne.cm
# ************************************************
#
#
PLANE 1
 166.83249   -13.97300    9    5    36.000    35.000
123.00  53.00     5.615     0.000    10.501
POINTS   45
 166.80060   -14.02050    14.000  123.00  53.00  0.2800E+12    0.00   1.23  -1  -1   165.70     0  4   0.0  0   0.0  0
       0.1         0.1         0.0         0.1
 166.64381   -14.05697    30.771  123.00  53.00  0.2800E+12    5.03   1.23  -1  -1   100.25     0  4   0.0  0   0.0  0
       0.1         0.1         0.1         0.1
 166.67485   -14.07653    30.771  123.00  53.00  0.2800E+12    5.03   1.23  -1  -1    93.61     0  4   0.0  0   0.0  0
       0.1         0.0         0.1         0.1
 166.70589   -14.09608    30.771  123.00  53.00  0.2800E+12    5.03   1.23  -1  -1    93.37     2  4   0.0  0   0.0  0
       0.0         0.1         0.1         1.3
 166.73692   -14.11564    30.771  123.00  53.00  0.2800E+12    5.03   1.23  -1  -1   114.33    21  4   0.0  0   0.0  0
       0.0         0.0         0.0        16.8
 166.76796   -14.13519    30.771  123.00  53.00  0.2800E+12    5.03   1.23  -1  -1    93.04     7  4   0.0  0   0.0  0
       0.1         0.1         0.0         5.5
 166.79900   -14.15475    30.771  123.00  53.00  0.2800E+12    5.03   1.23  -1  -1    80.27     0  4   0.0  0   0.0  0
       0.1         0.0         0.0         0.2
 166.83003   -14.17430    30.771  123.00  53.00  0.2800E+12    5.03   1.23  -1  -1    79.08    17  4   0.0  0   0.0  0
      13.5         0.1         0.1         0.1
 166.86107   -14.19385    30.771  123.00  53.00  0.2800E+12    5.03   1.23  -1  -1    79.00     0  4   0.0  0   0.0  0
       0.0         0.0         0.0         0.0
 166.63400   -14.00571    25.181  123.00  53.00  0.2800E+12    5.03   1.23  -1  -1    79.00     0  4   0.0  0   0.0  0
       0.0         0.0         0.0         0.0
 166.66504   -14.02526    25.181  123.00  53.00  0.2800E+12    5.03   1.23  -1  -1    83.75     0  4   0.0  0   0.0  0
       0.1         0.1         0.0         0.0
 166.69608   -14.04482    25.181  123.00  53.00  0.2800E+12    4.79   1.23  -1  -1   104.85     0  4   0.0  0   0.0  0
       0.0         0.0         0.1         0.1
 166.72711   -14.06437    25.181  123.00  53.00  0.2800E+12    4.76   1.23  -1  -1    86.58     0  4   0.0  0   0.0  0
       0.0         0.1         0.1         0.0
 166.75815   -14.08393    25.181  123.00  53.00  0.2800E+12    4.68   1.23  -1  -1    97.21     0  4   0.0  0   0.0  0
       0.0         0.1         0.0         0.1
 166.78918   -14.10348    25.181  123.00  53.00  0.2800E+12    4.95   1.23  -1  -1    98.79     0  4   0.0  0   0.0  0
       0.0         0.0         0.0         0.1
 166.82022   -14.12303    25.181  123.00  53.00  0.2800E+12    4.83   1.23  -1  -1    85.12     0  4   0.0  0   0.0  0
       0.0         0.1         0.0         0.0
 166.85126   -14.14259    25.181  123.00  53.00  0.2800E+12    5.03   1.23  -1  -1    80.36     1  4   0.0  0   0.0  0
       0.6         0.0         0.0         0.1
 166.88229   -14.16214    25.181  123.00  53.00  0.2800E+12    5.03   1.23  -1  -1    79.00     0  4   0.0  0   0.0  0
       0.0         0.0         0.0         0.0
 166.65523   -13.97400    19.590  123.00  53.00  0.2800E+12    4.99   1.23  -1  -1    79.00     0  4   0.0  0   0.0  0
       0.0         0.0         0.0         0.0
 166.68626   -13.99355    19.590  123.00  53.00  0.2800E+12    4.85   1.23  -1  -1   111.03     0  4   0.0  0   0.0  0
       0.0         0.0         0.0         0.1
 166.71730   -14.01310    19.590  123.00  53.00  0.2800E+12    5.02   1.23  -1  -1    81.93     0  4   0.0  0   0.0  0
       0.0         0.1         0.1         0.0
 166.74834   -14.03266    19.590  123.00  53.00  0.2800E+12    4.87   1.23  -1  -1    98.45     0  4   0.0  0   0.0  0
       0.0         0.0         0.0         0.1
 166.77937   -14.05221    19.590  123.00  53.00  0.2800E+12    4.92   1.23  -1  -1    92.25     0  4   0.0  0   0.0  0
       0.0         0.1         0.1         0.1
 166.81041   -14.07177    19.590  123.00  53.00  0.2800E+12    2.48   1.23  -1  -1    80.38    15  4   0.0  0   0.0  0
      11.7         0.0         0.0         0.0
 166.84145   -14.09132    19.590  123.00  53.00  0.2800E+12    3.74   1.23  -1  -1   149.59     0  4   0.0  0   0.0  0
       0.0         0.1         0.0         0.0
 166.87248   -14.11088    19.590  123.00  53.00  0.2800E+12    4.33   1.23  -1  -1   162.68     0  4   0.0  0   0.0  0
       0.0         0.0         0.0         0.0
 166.90352   -14.13043    19.590  123.00  53.00  0.2800E+12    4.99   1.23  -1  -1    79.00     0  4   0.0  0   0.0  0
       0.0         0.0         0.0         0.0
 166.67645   -13.94228    14.000  123.00  53.00  0.2800E+12    4.57   1.23  -1  -1    79.00     0  4   0.0  0   0.0  0
       0.0         0.0         0.0         0.0
 166.70749   -13.96184    14.000  123.00  53.00  0.2800E+12    4.80   1.23  -1  -1   129.66     0  4   0.0  0   0.0  0
       0.1         0.1         0.1         0.0
 166.73853   -13.98139    14.000  123.00  53.00  0.2800E+12    3.99   1.23  -1  -1    79.65     0  4   0.0  0   0.0  0
       0.1         0.0         0.1         0.0
 166.76956   -14.00095    14.000  123.00  53.00  0.2800E+12    3.26   1.23  -1  -1   133.12     1  4   0.0  0   0.0  0
       0.0         0.1         0.3         0.0
 166.61278   -14.03742    30.771  123.00  53.00  0.2800E+12    5.03   1.23  -1  -1    79.00     0  4   0.0  0   0.0  0
       0.0         0.0         0.0         0.0
 166.83163   -14.04005    14.000  123.00  53.00  0.2800E+12    1.24   1.23  -1  -1    95.86    37  4   0.0  0   0.0  0
      30.3         0.0         0.0         0.0
 166.86267   -14.05961    14.000  123.00  53.00  0.2800E+12    2.42   1.23  -1  -1   115.55    13  4   0.0  0   0.0  0
      10.7         0.0         0.0         0.0
 166.89371   -14.07916    14.000  123.00  53.00  0.2800E+12    4.69   1.23  -1  -1   156.51     0  4   0.0  0   0.0  0
       0.0         0.0         0.0         0.0
 166.92474   -14.09872    14.000  123.00  53.00  0.2800E+12    4.57   1.23  -1  -1    79.00     0  4   0.0  0   0.0  0
       0.0         0.0         0.0         0.0
 166.69768   -13.91057     8.410  123.00  53.00  0.2800E+12    4.99   1.23  -1  -1    79.00     0  4   0.0  0   0.0  0
       0.0         0.0         0.0         0.0
 166.72871   -13.93012     8.410  123.00  53.00  0.2800E+12    4.56   1.23  -1  -1   168.94    17  4   0.0  0   0.0  0
       0.1         0.0         0.1        13.3
 166.75975   -13.94968     8.410  123.00  53.00  0.2800E+12    4.65   1.23  -1  -1    97.99     1  4   0.0  0   0.0  0
       0.1         0.2         0.0         0.1
 166.79079   -13.96923     8.410  123.00  53.00  0.2800E+12    3.98   1.23  -1  -1    79.84     0  4   0.0  0   0.0  0
       0.0         0.1         0.1         0.0
 166.82182   -13.98879     8.410  123.00  53.00  0.2800E+12    2.66   1.23  -1  -1   150.77    12  4   0.0  0   0.0  0
       9.2         0.1         0.0         0.0
 166.85286   -14.00834     8.410  123.00  53.00  0.2800E+12    4.65   1.23  -1  -1   134.05     0  4   0.0  0   0.0  0
       0.0         0.1         0.0         0.1
 166.88390   -14.02790     8.410  123.00  53.00  0.2800E+12    3.37   1.23  -1  -1   168.48     3  4   0.0  0   0.0  0
       2.4         0.1         0.1         0.0
 166.91493   -14.04745     8.410  123.00  53.00  0.2800E+12    4.01   1.23  -1  -1   167.67     0  4   0.0  0   0.0  0
       0.1         0.1         0.1         0.0
 166.94597   -14.06701     8.410  123.00  53.00  0.2800E+12    4.99   1.23  -1  -1    79.00     0  4   0.0  0   0.0  0
       0.0         0.0         0.0         0.0
