 RECTANGULAR fault MODEL

All subfaults are   8.0 km long along strike and
 14.0 km wide along dip

Model length along strike is   88.0 km

Model width along dip is   70.0 km

 Corners of the rectangular dislocation model (lat, lon):
   -14.439   -73.149 : corner 1
   -15.091   -73.609 : corner 2
   -14.878   -73.931 : corner 3
   -14.226   -73.470 : corner 4


 Number of elementary moment rate
 isoceles triangular functions
 per subfault:            4

 Half duration of elementary moment rate
 isoceles triangular functions (s):    2.26999998    

 seismic moment rate unit: dyne.cm
 (1 dyne.cm = 10E-7 N.m)


 Seismic moment is converted into slip
 using a single constant value for the
shear modulus mu of  0.250E+12 dyne/cm2
 assumed to be constant and characteristic
 of the fault shear zone


 "Lat, lon, depth" below are the coord                          in degrees of the subfaults centers

 "rake" (degrees) is the slip angle (Aki"s convention,
 e.g. rake=+45 means left-lateral-reverse movement.

 "ontime" is the rupture onset time in seconds of the subfault.

 amp1, amp2, amp3 and amp4 are the amplitudes
 of the isoceles triangular functions representing
 the moment rate function. Triangles are
 overlapping each other by half

 ************************************************
 Total seismic moment M0=    4.80273203E+25  dyne.cm
 ************************************************

 ================================================

      Lat     Lon      depth(km) strike    dip    rake  ontime       slip(cm)  amp1(dyne.cm/s) amp2(dyne.cm/s) amp3(dyne.cm/s)         	amp4(dyne.cm/s)       M0_subf

   -14.616   -73.604    91.000   214.3    53.1   -85.4   0.0         61      0.661650E+25      0.810930E+24      0.289850E+23      0.351990E+23         0.170060E+26 : hypocenter
   -14.336   -73.501   102.201   214.3    53.1  -125.0  10.0          0      0.164120E+21      0.164120E+21      0.164120E+21      0.164120E+21         0.149021E+22
   -14.396   -73.543   102.201   214.3    53.1  -114.8   8.0          1      0.227550E+23      0.247870E+23      0.228120E+23      0.229930E+23         0.211898E+24
   -14.455   -73.585   102.201   214.3    53.1   -96.7   6.6          1      0.315230E+23      0.265020E+23      0.316830E+23      0.227970E+23         0.255386E+24
   -14.514   -73.626   102.201   214.3    53.1  -116.1   4.7          2      0.135310E+24      0.428970E+23      0.267200E+23      0.291040E+23         0.531250E+24
   -14.573   -73.668   102.201   214.3    53.1   -67.0   4.3          2      0.117990E+24      0.385190E+23      0.252670E+23      0.306660E+23         0.482243E+24
   -14.633   -73.710   102.201   214.3    53.1   -71.4   5.1          1      0.339060E+23      0.263840E+23      0.314670E+23      0.205870E+23         0.255021E+24
   -14.692   -73.752   102.201   214.3    53.1  -100.4   7.5          1      0.285680E+23      0.307410E+23      0.406120E+23      0.257790E+23         0.285339E+24
   -14.751   -73.794   102.201   214.3    53.1  -112.1   8.8          1      0.406590E+23      0.260110E+23      0.279350E+23      0.257950E+23         0.273308E+24
   -14.811   -73.836   102.201   214.3    53.1  -125.0  10.0          0      0.164120E+21      0.164120E+21      0.164120E+21      0.164120E+21         0.149021E+22
   -14.870   -73.877   102.201   214.3    53.1  -125.0  12.0          0      0.164120E+21      0.164120E+21      0.164120E+21      0.164120E+21         0.149021E+22
   -14.319   -73.395    91.000   214.3    53.1  -125.0  11.4          0      0.164120E+21      0.164120E+21      0.164120E+21      0.164120E+21         0.149021E+22
   -14.379   -73.437    91.000   214.3    53.1  -125.0   9.1          0      0.164120E+21      0.164120E+21      0.164120E+21      0.164120E+21         0.149021E+22
   -14.438   -73.478    91.000   214.3    53.1  -118.8   8.0          3      0.323190E+23      0.979710E+23      0.190990E+24      0.282200E+23         0.793365E+24
   -14.497   -73.520    91.000   214.3    53.1  -119.2   9.9          6      0.249820E+23      0.291740E+24      0.361550E+24      0.111190E+24         0.179208E+25
   -14.557   -73.562    91.000   214.3    53.1  -107.7   7.4         16      0.252710E+24      0.996910E+23      0.600970E+24      0.103950E+25         0.452382E+25
   -14.277   -73.459   102.201   214.3    53.1  -125.0  12.0          0      0.164120E+21      0.164120E+21      0.164120E+21      0.164120E+21         0.149021E+22
   -14.675   -73.646    91.000   214.3    53.1   -69.9   2.6         13      0.127780E+25      0.250730E+23      0.164550E+24      0.181490E+24         0.374303E+25
   -14.734   -73.688    91.000   214.3    53.1  -101.0  10.7         11      0.253410E+23      0.188240E+24      0.404270E+24      0.720510E+24         0.303808E+25
   -14.794   -73.729    91.000   214.3    53.1   -58.1   7.8          4      0.457370E+23      0.140790E+24      0.333560E+24      0.246430E+23         0.123654E+25
   -14.853   -73.771    91.000   214.3    53.1  -125.0   9.1          0      0.164120E+21      0.164120E+21      0.164120E+21      0.164120E+21         0.149021E+22
   -14.912   -73.813    91.000   214.3    53.1  -125.0  11.4          0      0.164120E+21      0.164120E+21      0.164120E+21      0.164120E+21         0.149021E+22
   -14.362   -73.330    79.799   214.3    53.1  -125.0  12.0          0      0.164120E+21      0.164120E+21      0.164120E+21      0.164120E+21         0.149021E+22
   -14.421   -73.372    79.799   214.3    53.1  -125.0  10.0          0      0.164120E+21      0.164120E+21      0.164120E+21      0.164120E+21         0.149021E+22
   -14.481   -73.414    79.799   214.3    53.1   -88.6  10.5          5      0.325540E+23      0.313500E+24      0.229130E+24      0.823530E+23         0.149261E+25
   -14.540   -73.456    79.799   214.3    53.1   -99.4  10.5          5      0.213960E+23      0.707440E+23      0.192330E+24      0.318220E+24         0.136811E+25
   -14.599   -73.498    79.799   214.3    53.1   -71.1  11.0          6      0.554890E+23      0.149330E+24      0.174520E+24      0.408570E+24         0.178855E+25
   -14.658   -73.540    79.799   214.3    53.1   -44.6   4.3          4      0.188470E+23      0.121850E+24      0.129520E+24      0.271470E+24         0.122963E+25
   -14.718   -73.581    79.799   214.3    53.1   -64.3  12.0          6      0.265160E+23      0.533240E+23      0.260240E+24      0.427010E+24         0.174129E+25
   -14.777   -73.623    79.799   214.3    53.1   -66.4  12.0          4      0.318000E+23      0.441300E+23      0.194780E+24      0.208740E+24         0.108835E+25
   -14.836   -73.665    79.799   214.3    53.1   -47.5  10.5          3      0.361770E+23      0.747240E+23      0.983180E+23      0.146180E+24         0.806756E+24
   -14.896   -73.707    79.799   214.3    53.1  -125.0  10.0          0      0.164120E+21      0.164120E+21      0.164120E+21      0.164120E+21         0.149021E+22
   -14.955   -73.749    79.799   214.3    53.1  -125.0  12.0          0      0.164120E+21      0.164120E+21      0.164120E+21      0.164120E+21         0.149021E+22
   -14.404   -73.266    68.598   214.3    53.1  -125.0  12.0          0      0.164120E+21      0.164120E+21      0.164120E+21      0.164120E+21         0.149021E+22
   -14.464   -73.308    68.598   214.3    53.1  -125.0  12.0          0      0.164120E+21      0.164120E+21      0.164120E+21      0.164120E+21         0.149021E+22
   -14.523   -73.350    68.598   214.3    53.1   -48.4  11.7          1      0.213750E+23      0.263360E+23      0.205090E+23      0.331410E+23         0.230089E+24
   -14.582   -73.392    68.598   214.3    53.1   -53.7  11.2          2      0.291130E+23      0.269390E+23      0.301430E+23      0.103860E+24         0.431425E+24
   -14.642   -73.433    68.598   214.3    53.1   -36.1   8.9          1      0.249680E+23      0.420960E+23      0.225040E+23      0.256080E+23         0.261450E+24
   -14.701   -73.475    68.598   214.3    53.1   -38.7   8.5          1      0.223580E+23      0.203430E+23      0.222020E+23      0.484470E+23         0.257304E+24
   -14.760   -73.517    68.598   214.3    53.1   -35.4   8.8          1      0.262610E+23      0.288120E+23      0.202930E+23      0.892560E+23         0.373692E+24
   -14.820   -73.559    68.598   214.3    53.1   -44.1  11.9          1      0.203010E+23      0.255060E+23      0.262430E+23      0.386350E+23         0.251255E+24
   -14.879   -73.601    68.598   214.3    53.1   -35.4  11.2          1      0.250410E+23      0.241480E+23      0.265280E+23      0.832600E+23         0.360878E+24
   -14.938   -73.643    68.598   214.3    53.1  -125.0  12.0          0      0.164120E+21      0.164120E+21      0.164120E+21      0.164120E+21         0.149021E+22
   -14.997   -73.684    68.598   214.3    53.1  -125.0  12.0          0      0.164120E+21      0.164120E+21      0.164120E+21      0.164120E+21         0.149021E+22
   -14.447   -73.202    57.396   214.3    53.1  -125.0  12.0          0      0.164120E+21      0.164120E+21      0.164120E+21      0.164120E+21         0.149021E+22
   -14.506   -73.244    57.396   214.3    53.1  -125.0  12.0          0      0.164120E+21      0.164120E+21      0.164120E+21      0.164120E+21         0.149021E+22
   -14.566   -73.285    57.396   214.3    53.1   -35.2  12.0          1      0.273140E+23      0.280800E+23      0.232640E+23      0.591580E+23         0.312842E+24
   -14.625   -73.327    57.396   214.3    53.1   -35.5  12.0          1      0.236900E+23      0.304890E+23      0.233880E+23      0.321950E+23         0.249160E+24
   -14.684   -73.369    57.396   214.3    53.1   -39.5  12.0          1      0.287260E+23      0.234090E+23      0.235070E+23      0.384140E+23         0.258907E+24
   -14.743   -73.411    57.396   214.3    53.1   -35.3  12.0          1      0.312580E+23      0.221070E+23      0.225430E+23      0.341610E+23         0.249857E+24
   -14.803   -73.453    57.396   214.3    53.1   -36.8  12.0          1      0.220070E+23      0.199240E+23      0.268490E+23      0.488190E+23         0.266950E+24
   -14.862   -73.495    57.396   214.3    53.1   -35.1  12.0          1      0.218250E+23      0.294180E+23      0.245010E+23      0.516960E+23         0.289289E+24
   -14.921   -73.536    57.396   214.3    53.1   -35.4  12.0          1      0.222700E+23      0.211620E+23      0.236000E+23      0.483150E+23         0.261838E+24
   -14.981   -73.578    57.396   214.3    53.1  -125.0  12.0          0      0.164120E+21      0.164120E+21      0.164120E+21      0.164120E+21         0.149021E+22
   -15.040   -73.620    57.396   214.3    53.1  -125.0  12.0          0      0.164120E+21      0.164120E+21      0.164120E+21      0.164120E+21         0.149021E+22
