2.0
#
# http://equake-rc.info/static/paper/SRF-Description-Graves_2.0.pdf
# RECTANGULAR fault MODEL
#
# All subfaults are   8.0 km long along strike and
#  14.0 km wide along dip
#
# Model length along strike is   88.0 km
#
# Model width along dip is   70.0 km
#
# Corners of the rectangular dislocation model (lat, lon):
#    -14.439   -73.149 : corner 1
#    -15.091   -73.609 : corner 2
#    -14.878   -73.931 : corner 3
#    -14.226   -73.470 : corner 4
#
#
# Number of elementary sliprate
# isoceles triangular functions
# per subfault:   4
#
# Half duration of elementary sliprate
# isoceles triangular functions (s):   2.27
# Triangles are overlapping each other by half
#
# slip rate unit: cm/s
#
#
# Seismic moment is converted into slip
# using a single constant value for the
# shear modulus mu of  0.250E+12 dyne/cm2
# assumed to be constant and characteristic
# of the fault shear zone
#
#
#
# "rake" (degrees) is the slip angle (Aki"s convention,
# e.g. rake=+45 means left-lateral-reverse movement.
#
#
# ************************************************
# Total seismic moment M0=  0.480E+26 dyne.cm
# ************************************************
#
#
PLANE 1
 -73.37900   -14.76500   11    5    88.000    70.000
214.33  53.14    51.795     0.000    49.000
POINTS   55
 -73.60390   -14.61590    91.000  214.33  53.14  0.1120E+13    0.00   2.27  -1  -1   -85.38    61  4   0.0  0   0.0  0
      23.6         2.9         0.1         0.1
 -73.50083   -14.33620   102.201  214.33  53.14  0.1120E+13    9.98   2.27  -1  -1  -125.03     0  4   0.0  0   0.0  0
       0.0         0.0         0.0         0.0
 -73.54269   -14.39550   102.201  214.33  53.14  0.1120E+13    8.03   2.27  -1  -1  -114.80     1  4   0.0  0   0.0  0
       0.1         0.1         0.1         0.1
 -73.58453   -14.45480   102.201  214.33  53.14  0.1120E+13    6.62   2.27  -1  -1   -96.73     1  4   0.0  0   0.0  0
       0.1         0.1         0.1         0.1
 -73.62638   -14.51409   102.201  214.33  53.14  0.1120E+13    4.67   2.27  -1  -1  -116.07     2  4   0.0  0   0.0  0
       0.5         0.2         0.1         0.1
 -73.66823   -14.57339   102.201  214.33  53.14  0.1120E+13    4.29   2.27  -1  -1   -66.97     2  4   0.0  0   0.0  0
       0.4         0.1         0.1         0.1
 -73.71008   -14.63269   102.201  214.33  53.14  0.1120E+13    5.07   2.27  -1  -1   -71.36     1  4   0.0  0   0.0  0
       0.1         0.1         0.1         0.1
 -73.75192   -14.69198   102.201  214.33  53.14  0.1120E+13    7.49   2.27  -1  -1  -100.41     1  4   0.0  0   0.0  0
       0.1         0.1         0.1         0.1
 -73.79377   -14.75128   102.201  214.33  53.14  0.1120E+13    8.82   2.27  -1  -1  -112.10     1  4   0.0  0   0.0  0
       0.1         0.1         0.1         0.1
 -73.83562   -14.81058   102.201  214.33  53.14  0.1120E+13    9.98   2.27  -1  -1  -125.03     0  4   0.0  0   0.0  0
       0.0         0.0         0.0         0.0
 -73.87747   -14.86987   102.201  214.33  53.14  0.1120E+13   12.04   2.27  -1  -1  -125.03     0  4   0.0  0   0.0  0
       0.0         0.0         0.0         0.0
 -73.39465   -14.31942    91.000  214.33  53.14  0.1120E+13   11.43   2.27  -1  -1  -125.03     0  4   0.0  0   0.0  0
       0.0         0.0         0.0         0.0
 -73.43650   -14.37871    91.000  214.33  53.14  0.1120E+13    9.14   2.27  -1  -1  -125.03     0  4   0.0  0   0.0  0
       0.0         0.0         0.0         0.0
 -73.47836   -14.43801    91.000  214.33  53.14  0.1120E+13    7.99   2.27  -1  -1  -118.76     3  4   0.0  0   0.0  0
       0.1         0.3         0.7         0.1
 -73.52020   -14.49731    91.000  214.33  53.14  0.1120E+13    9.87   2.27  -1  -1  -119.23     6  4   0.0  0   0.0  0
       0.1         1.0         1.3         0.4
 -73.56205   -14.55660    91.000  214.33  53.14  0.1120E+13    7.43   2.27  -1  -1  -107.65    16  4   0.0  0   0.0  0
       0.9         0.4         2.1         3.7
 -73.45898   -14.27691   102.201  214.33  53.14  0.1120E+13   12.04   2.27  -1  -1  -125.03     0  4   0.0  0   0.0  0
       0.0         0.0         0.0         0.0
 -73.64574   -14.67520    91.000  214.33  53.14  0.1120E+13    2.61   2.27  -1  -1   -69.87    13  4   0.0  0   0.0  0
       4.6         0.1         0.6         0.6
 -73.68759   -14.73449    91.000  214.33  53.14  0.1120E+13   10.70   2.27  -1  -1  -101.01    11  4   0.0  0   0.0  0
       0.1         0.7         1.4         2.6
 -73.72944   -14.79379    91.000  214.33  53.14  0.1120E+13    7.77   2.27  -1  -1   -58.14     4  4   0.0  0   0.0  0
       0.2         0.5         1.2         0.1
 -73.77129   -14.85309    91.000  214.33  53.14  0.1120E+13    9.14   2.27  -1  -1  -125.03     0  4   0.0  0   0.0  0
       0.0         0.0         0.0         0.0
 -73.81314   -14.91238    91.000  214.33  53.14  0.1120E+13   11.43   2.27  -1  -1  -125.03     0  4   0.0  0   0.0  0
       0.0         0.0         0.0         0.0
 -73.33032   -14.36193    79.799  214.33  53.14  0.1120E+13   12.04   2.27  -1  -1  -125.03     0  4   0.0  0   0.0  0
       0.0         0.0         0.0         0.0
 -73.37217   -14.42122    79.799  214.33  53.14  0.1120E+13    9.98   2.27  -1  -1  -125.03     0  4   0.0  0   0.0  0
       0.0         0.0         0.0         0.0
 -73.41402   -14.48052    79.799  214.33  53.14  0.1120E+13   10.53   2.27  -1  -1   -88.58     5  4   0.0  0   0.0  0
       0.1         1.1         0.8         0.3
 -73.45587   -14.53982    79.799  214.33  53.14  0.1120E+13   10.53   2.27  -1  -1   -99.43     5  4   0.0  0   0.0  0
       0.1         0.3         0.7         1.1
 -73.49772   -14.59911    79.799  214.33  53.14  0.1120E+13   10.98   2.27  -1  -1   -71.11     6  4   0.0  0   0.0  0
       0.2         0.5         0.6         1.5
 -73.53957   -14.65841    79.799  214.33  53.14  0.1120E+13    4.27   2.27  -1  -1   -44.63     4  4   0.0  0   0.0  0
       0.1         0.4         0.5         1.0
 -73.58141   -14.71771    79.799  214.33  53.14  0.1120E+13   12.04   2.27  -1  -1   -64.31     6  4   0.0  0   0.0  0
       0.1         0.2         0.9         1.5
 -73.62326   -14.77700    79.799  214.33  53.14  0.1120E+13   11.95   2.27  -1  -1   -66.37     4  4   0.0  0   0.0  0
       0.1         0.2         0.7         0.7
 -73.66511   -14.83630    79.799  214.33  53.14  0.1120E+13   10.52   2.27  -1  -1   -47.46     3  4   0.0  0   0.0  0
       0.1         0.3         0.4         0.5
 -73.70696   -14.89560    79.799  214.33  53.14  0.1120E+13    9.98   2.27  -1  -1  -125.03     0  4   0.0  0   0.0  0
       0.0         0.0         0.0         0.0
 -73.74881   -14.95489    79.799  214.33  53.14  0.1120E+13   12.04   2.27  -1  -1  -125.03     0  4   0.0  0   0.0  0
       0.0         0.0         0.0         0.0
 -73.26599   -14.40444    68.598  214.33  53.14  0.1120E+13   12.04   2.27  -1  -1  -125.03     0  4   0.0  0   0.0  0
       0.0         0.0         0.0         0.0
 -73.30784   -14.46373    68.598  214.33  53.14  0.1120E+13   12.04   2.27  -1  -1  -125.03     0  4   0.0  0   0.0  0
       0.0         0.0         0.0         0.0
 -73.34969   -14.52303    68.598  214.33  53.14  0.1120E+13   11.72   2.27  -1  -1   -48.44     1  4   0.0  0   0.0  0
       0.1         0.1         0.1         0.1
 -73.39154   -14.58233    68.598  214.33  53.14  0.1120E+13   11.25   2.27  -1  -1   -53.71     2  4   0.0  0   0.0  0
       0.1         0.1         0.1         0.4
 -73.43339   -14.64162    68.598  214.33  53.14  0.1120E+13    8.88   2.27  -1  -1   -36.13     1  4   0.0  0   0.0  0
       0.1         0.2         0.1         0.1
 -73.47523   -14.70092    68.598  214.33  53.14  0.1120E+13    8.52   2.27  -1  -1   -38.67     1  4   0.0  0   0.0  0
       0.1         0.1         0.1         0.2
 -73.51708   -14.76022    68.598  214.33  53.14  0.1120E+13    8.78   2.27  -1  -1   -35.45     1  4   0.0  0   0.0  0
       0.1         0.1         0.1         0.3
 -73.55893   -14.81951    68.598  214.33  53.14  0.1120E+13   11.86   2.27  -1  -1   -44.09     1  4   0.0  0   0.0  0
       0.1         0.1         0.1         0.1
 -73.60078   -14.87881    68.598  214.33  53.14  0.1120E+13   11.23   2.27  -1  -1   -35.37     1  4   0.0  0   0.0  0
       0.1         0.1         0.1         0.3
 -73.64263   -14.93811    68.598  214.33  53.14  0.1120E+13   12.04   2.27  -1  -1  -125.03     0  4   0.0  0   0.0  0
       0.0         0.0         0.0         0.0
 -73.68448   -14.99740    68.598  214.33  53.14  0.1120E+13   12.04   2.27  -1  -1  -125.03     0  4   0.0  0   0.0  0
       0.0         0.0         0.0         0.0
 -73.20166   -14.44695    57.396  214.33  53.14  0.1120E+13   12.04   2.27  -1  -1  -125.03     0  4   0.0  0   0.0  0
       0.0         0.0         0.0         0.0
 -73.24351   -14.50624    57.396  214.33  53.14  0.1120E+13   12.04   2.27  -1  -1  -125.03     0  4   0.0  0   0.0  0
       0.0         0.0         0.0         0.0
 -73.28536   -14.56554    57.396  214.33  53.14  0.1120E+13   12.04   2.27  -1  -1   -35.23     1  4   0.0  0   0.0  0
       0.1         0.1         0.1         0.2
 -73.32721   -14.62484    57.396  214.33  53.14  0.1120E+13   12.04   2.27  -1  -1   -35.52     1  4   0.0  0   0.0  0
       0.1         0.1         0.1         0.1
 -73.36906   -14.68413    57.396  214.33  53.14  0.1120E+13   12.04   2.27  -1  -1   -39.49     1  4   0.0  0   0.0  0
       0.1         0.1         0.1         0.1
 -73.41090   -14.74343    57.396  214.33  53.14  0.1120E+13   12.04   2.27  -1  -1   -35.33     1  4   0.0  0   0.0  0
       0.1         0.1         0.1         0.1
 -73.45275   -14.80273    57.396  214.33  53.14  0.1120E+13   12.04   2.27  -1  -1   -36.78     1  4   0.0  0   0.0  0
       0.1         0.1         0.1         0.2
 -73.49460   -14.86202    57.396  214.33  53.14  0.1120E+13   12.04   2.27  -1  -1   -35.12     1  4   0.0  0   0.0  0
       0.1         0.1         0.1         0.2
 -73.53645   -14.92132    57.396  214.33  53.14  0.1120E+13   12.04   2.27  -1  -1   -35.44     1  4   0.0  0   0.0  0
       0.1         0.1         0.1         0.2
 -73.57830   -14.98062    57.396  214.33  53.14  0.1120E+13   12.04   2.27  -1  -1  -125.03     0  4   0.0  0   0.0  0
       0.0         0.0         0.0         0.0
 -73.62015   -15.03991    57.396  214.33  53.14  0.1120E+13   12.04   2.27  -1  -1  -125.03     0  4   0.0  0   0.0  0
       0.0         0.0         0.0         0.0
