 RECTANGULAR fault MODEL

All subfaults are   2.0 km long along strike and
  3.1 km wide along dip

Model length along strike is   18.0 km

Model width along dip is   15.5 km

 Corners of the rectangular dislocation model (lat, lon):
   -38.870   175.128 : corner 1
   -38.913   175.328 : corner 2
   -39.016   175.292 : corner 3
   -38.973   175.092 : corner 4


 Number of elementary moment rate
 isoceles triangular functions
 per subfault:            4

 Half duration of elementary moment rate
 isoceles triangular functions (s):    1.00999999    

 seismic moment rate unit: dyne.cm
 (1 dyne.cm = 10E-7 N.m)


 Seismic moment is converted into slip
 using a single constant value for the
shear modulus mu of  0.250E+12 dyne/cm2
 assumed to be constant and characteristic
 of the fault shear zone


 "Lat, lon, depth" below are the coord                          in degrees of the subfaults centers

 "rake" (degrees) is the slip angle (Aki"s convention,
 e.g. rake=+45 means left-lateral-reverse movement.

 "ontime" is the rupture onset time in seconds of the subfault.

 amp1, amp2, amp3 and amp4 are the amplitudes
 of the isoceles triangular functions representing
 the moment rate function. Triangles are
 overlapping each other by half

 ************************************************
 Total seismic moment M0=    3.22883334E+24  dyne.cm
 ************************************************

 ================================================

      Lat     Lon      depth(km) strike    dip    rake  ontime       slip(cm)  amp1(dyne.cm/s) amp2(dyne.cm/s) amp3(dyne.cm/s)         	amp4(dyne.cm/s)       M0_subf

   -38.943   175.210     5.000   105.4    39.4   -36.4   0.0          4      0.546990E+23      0.187110E+22      0.127250E+22      0.753550E+21         0.591821E+23 : hypocenter
   -38.970   175.129     8.935   105.4    39.4   -51.3   2.6         11      0.170820E+24      0.120070E+22      0.157600E+22      0.642350E+21         0.175981E+24
   -38.975   175.151     8.935   105.4    39.4   -41.6   2.2         21      0.320510E+24      0.583390E+22      0.169450E+22      0.104640E+22         0.332376E+24
   -38.980   175.173     8.935   105.4    39.4   -44.1   1.9         16      0.238240E+24      0.178450E+22      0.735350E+21      0.197370E+22         0.245161E+24
   -38.984   175.195     8.935   105.4    39.4   -63.5   2.1         12      0.184110E+24      0.254350E+22      0.927510E+21      0.948710E+21         0.190415E+24
   -38.989   175.218     8.935   105.4    39.4   -45.2   2.2          3      0.441540E+23      0.111750E+22      0.579810E+21      0.133500E+22         0.476582E+23
   -38.994   175.240     8.935   105.4    39.4   -68.1   2.2          2      0.254410E+23      0.658260E+21      0.884810E+21      0.683680E+21         0.279444E+23
   -38.999   175.262     8.935   105.4    39.4   -45.7   2.5          0      0.205770E+22      0.119810E+22      0.511880E+21      0.525150E+21         0.433576E+22
   -39.003   175.284     8.935   105.4    39.4   -86.7   2.9          0      0.383660E+19      0.383660E+19      0.383660E+19      0.383660E+19         0.154999E+20
   -38.945   175.114     6.968   105.4    39.4   -23.9   3.0          0      0.186860E+22      0.764330E+21      0.610250E+21      0.551510E+21         0.383264E+22
   -38.949   175.136     6.968   105.4    39.4   -20.5   2.0          8      0.124930E+24      0.107720E+22      0.597110E+21      0.114530E+22         0.129027E+24
   -38.954   175.158     6.968   105.4    39.4   -35.1   1.6          2      0.306180E+23      0.262680E+22      0.267010E+22      0.555610E+21         0.368352E+23
   -38.959   175.180     6.968   105.4    39.4   -18.0   2.3          6      0.822360E+23      0.428140E+22      0.365140E+22      0.889530E+21         0.919689E+23
   -38.964   175.203     6.968   105.4    39.4   -43.7   1.1          2      0.231220E+23      0.206390E+22      0.155250E+22      0.105830E+22         0.280747E+23
   -38.968   175.225     6.968   105.4    39.4   -36.7   1.1          9      0.139300E+24      0.343610E+22      0.214580E+22      0.855640E+21         0.147195E+24
   -38.973   175.247     6.968   105.4    39.4   -54.5   1.5          5      0.700100E+23      0.108660E+22      0.597450E+21      0.973680E+21         0.733944E+23
   -38.978   175.269     6.968   105.4    39.4   -53.0   2.1          0      0.306520E+22      0.647380E+21      0.631960E+21      0.569630E+21         0.496331E+22
   -38.983   175.292     6.968   105.4    39.4   -86.7   2.5          0      0.383660E+19      0.383660E+19      0.383660E+19      0.383660E+19         0.154999E+20
   -38.924   175.121     5.000   105.4    39.4   -45.4   2.8          0      0.957130E+21      0.676090E+21      0.811340E+21      0.114670E+22         0.362717E+22
   -38.929   175.143     5.000   105.4    39.4   -53.2   1.7          0      0.292540E+22      0.762160E+21      0.957980E+21      0.663590E+21         0.536222E+22
   -38.933   175.166     5.000   105.4    39.4   -38.8   1.7          0      0.509670E+22      0.705500E+21      0.661190E+21      0.859690E+21         0.739631E+22
   -38.938   175.188     5.000   105.4    39.4    -8.5   0.9         17      0.263860E+24      0.100940E+22      0.105140E+22      0.565140E+21         0.269151E+24
   -38.965   175.106     8.935   105.4    39.4   -48.3   3.3         12      0.177390E+24      0.234440E+22      0.760030E+22      0.643950E+21         0.189858E+24
   -38.948   175.232     5.000   105.4    39.4   -37.7   0.6         24      0.365880E+24      0.306240E+22      0.637370E+21      0.630450E+21         0.373912E+24
   -38.953   175.254     5.000   105.4    39.4   -36.6   1.1          3      0.477420E+23      0.126950E+22      0.100370E+22      0.698970E+21         0.512213E+23
   -38.957   175.277     5.000   105.4    39.4   -39.5   1.7         13      0.191670E+24      0.995740E+21      0.637050E+21      0.533990E+21         0.195775E+24
   -38.962   175.299     5.000   105.4    39.4   -86.7   2.3          0      0.383660E+19      0.383660E+19      0.383660E+19      0.383660E+19         0.154999E+20
   -38.903   175.128     3.032   105.4    39.4   -35.7   3.2          0      0.149500E+22      0.509740E+21      0.429930E+21      0.534280E+21         0.299864E+22
   -38.908   175.151     3.032   105.4    39.4   -57.5   3.0          0      0.686260E+21      0.613410E+21      0.690820E+21      0.603810E+21         0.262024E+22
   -38.913   175.173     3.032   105.4    39.4   -53.6   3.1          0      0.169160E+22      0.519420E+21      0.843480E+21      0.714770E+21         0.380696E+22
   -38.918   175.195     3.032   105.4    39.4   -64.1   1.1          3      0.455070E+23      0.113050E+22      0.524600E+21      0.110840E+22         0.487532E+23
   -38.922   175.217     3.032   105.4    39.4   -48.9   1.1         12      0.177260E+24      0.915370E+21      0.181350E+22      0.809680E+21         0.182607E+24
   -38.927   175.240     3.032   105.4    39.4   -45.6   1.1         13      0.202800E+24      0.153700E+22      0.663890E+21      0.562940E+21         0.207619E+24
   -38.932   175.262     3.032   105.4    39.4   -44.0   1.5          0      0.280250E+22      0.723080E+21      0.802090E+21      0.657530E+21         0.503505E+22
   -38.937   175.284     3.032   105.4    39.4   -21.0   2.0          0      0.148370E+22      0.569120E+21      0.599480E+21      0.764290E+21         0.345076E+22
   -38.941   175.306     3.032   105.4    39.4   -86.7   2.5          0      0.383660E+19      0.383660E+19      0.383660E+19      0.383660E+19         0.154999E+20
   -38.883   175.136     1.065   105.4    39.4   -17.1   3.0          0      0.783000E+21      0.642390E+21      0.853740E+21      0.872840E+21         0.318349E+22
   -38.887   175.158     1.065   105.4    39.4    -3.0   3.5          0      0.777900E+21      0.544400E+21      0.626590E+21      0.617300E+21         0.259185E+22
   -38.892   175.180     1.065   105.4    39.4   -27.9   3.1          0      0.498480E+21      0.585020E+21      0.803180E+21      0.667410E+21         0.257963E+22
   -38.897   175.202     1.065   105.4    39.4   -28.2   2.1          1      0.660480E+22      0.616690E+21      0.761480E+21      0.647070E+21         0.871634E+22
   -38.902   175.225     1.065   105.4    39.4   -51.3   1.8          3      0.487760E+23      0.727550E+21      0.525950E+21      0.632430E+21         0.511686E+23
   -38.906   175.247     1.065   105.4    39.4   -43.0   2.1          0      0.715460E+21      0.657620E+21      0.660860E+21      0.766340E+21         0.282828E+22
   -38.911   175.269     1.065   105.4    39.4   -39.5   2.3          0      0.789240E+21      0.542140E+21      0.811940E+21      0.971580E+21         0.314605E+22
   -38.916   175.291     1.065   105.4    39.4   -41.2   2.6          0      0.101510E+22      0.549860E+21      0.678120E+21      0.729050E+21         0.300185E+22
   -38.921   175.314     1.065   105.4    39.4   -86.7   2.9          0      0.383660E+19      0.383660E+19      0.383660E+19      0.383660E+19         0.154999E+20
