 RECTANGULAR fault MODEL

All subfaults are   2.0 km long along strike and
  4.0 km wide along dip

Model length along strike is   18.0 km

Model width along dip is   20.0 km

 Corners of the rectangular dislocation model (lat, lon):
   -38.909   175.308 : corner 1
   -39.012   175.149 : corner 2
   -38.954   175.087 : corner 3
   -38.850   175.246 : corner 4


 Number of elementary moment rate
 isoceles triangular functions
 per subfault:            4

 Half duration of elementary moment rate
 isoceles triangular functions (s):    1.00999999    

 seismic moment rate unit: dyne.cm
 (1 dyne.cm = 10E-7 N.m)


 Seismic moment is converted into slip
 using a single constant value for the
shear modulus mu of  0.250E+12 dyne/cm2
 assumed to be constant and characteristic
 of the fault shear zone


 "Lat, lon, depth" below are the coord                          in degrees of the subfaults centers

 "rake" (degrees) is the slip angle (Aki"s convention,
 e.g. rake=+45 means left-lateral-reverse movement.

 "ontime" is the rupture onset time in seconds of the subfault.

 amp1, amp2, amp3 and amp4 are the amplitudes
 of the isoceles triangular functions representing
 the moment rate function. Triangles are
 overlapping each other by half

 ************************************************
 Total seismic moment M0=    2.70520090E+24  dyne.cm
 ************************************************

 ================================================

      Lat     Lon      depth(km) strike    dip    rake  ontime       slip(cm)  amp1(dyne.cm/s) amp2(dyne.cm/s) amp3(dyne.cm/s)         	amp4(dyne.cm/s)       M0_subf

   -38.943   175.210     8.000   230.0    65.0  -132.5   0.0         17      0.296110E+24      0.341300E+23      0.247490E+22      0.999280E+21         0.337051E+24 : hypocenter
   -38.874   175.225    18.876   230.0    65.0   -80.9   3.7          0      0.232190E+22      0.896520E+21      0.755780E+21      0.831830E+21         0.485409E+22
   -38.885   175.208    18.876   230.0    65.0   -85.5   3.7          0      0.873570E+21      0.110790E+22      0.933620E+21      0.103190E+22         0.398646E+22
   -38.897   175.190    18.876   230.0    65.0   -78.5   3.6          0      0.907720E+21      0.105220E+22      0.110350E+22      0.156710E+22         0.467683E+22
   -38.908   175.172    18.876   230.0    65.0   -85.4   3.6          0      0.105710E+22      0.142390E+22      0.103670E+22      0.846490E+21         0.440783E+22
   -38.920   175.155    18.876   230.0    65.0  -100.4   3.6          0      0.218930E+22      0.876260E+21      0.153160E+22      0.141780E+22         0.607511E+22
   -38.931   175.137    18.876   230.0    65.0  -109.5   3.6          0      0.830370E+21      0.971300E+21      0.670770E+21      0.769310E+21         0.327417E+22
   -38.943   175.119    18.876   230.0    65.0  -136.8   3.7          0      0.114670E+22      0.203840E+22      0.893060E+21      0.143830E+22         0.557162E+22
   -38.954   175.102    18.876   230.0    65.0  -151.0   3.7          0      0.361610E+22      0.276370E+22      0.815580E+21      0.695530E+21         0.796982E+22
   -38.874   175.256    15.250   230.0    65.0  -166.5   3.2          0      0.495050E+19      0.495050E+19      0.495050E+19      0.495050E+19         0.200000E+20
   -38.885   175.238    15.250   230.0    65.0   -99.0   3.2          0      0.898280E+21      0.689990E+21      0.117530E+22      0.997530E+21         0.379871E+22
   -38.897   175.220    15.250   230.0    65.0   -79.8   3.7          0      0.932730E+21      0.239240E+22      0.826210E+21      0.111760E+22         0.532163E+22
   -38.908   175.203    15.250   230.0    65.0   -98.5   2.8          0      0.888460E+21      0.137490E+22      0.961250E+21      0.732380E+21         0.399656E+22
   -38.920   175.185    15.250   230.0    65.0  -112.2   2.4          0      0.787280E+21      0.105850E+22      0.882720E+21      0.801450E+21         0.356525E+22
   -38.931   175.167    15.250   230.0    65.0  -100.7   3.3          0      0.152880E+22      0.131530E+22      0.905390E+21      0.725320E+21         0.451956E+22
   -38.943   175.150    15.250   230.0    65.0   -97.1   3.1          0      0.215410E+22      0.159190E+22      0.594970E+21      0.113290E+22         0.552861E+22
   -38.954   175.132    15.250   230.0    65.0  -124.0   3.4          0      0.453690E+22      0.866960E+21      0.144850E+22      0.696280E+21         0.762413E+22
   -38.966   175.114    15.250   230.0    65.0  -113.6   3.5          8      0.150060E+24      0.105980E+22      0.798780E+21      0.828670E+21         0.154275E+24
   -38.885   175.268    11.625   230.0    65.0  -166.5   2.6          0      0.495050E+19      0.495050E+19      0.495050E+19      0.495050E+19         0.200000E+20
   -38.897   175.250    11.625   230.0    65.0   -83.7   2.2          0      0.670690E+21      0.756920E+21      0.105220E+22      0.109650E+22         0.361207E+22
   -38.908   175.233    11.625   230.0    65.0  -121.5   1.7          1      0.187590E+23      0.952150E+21      0.107460E+22      0.768470E+21         0.217698E+23
   -38.920   175.215    11.625   230.0    65.0  -152.9   1.7          2      0.392660E+23      0.254720E+22      0.912030E+21      0.719810E+21         0.438795E+23
   -38.931   175.197    11.625   230.0    65.0  -146.1   1.1          2      0.409920E+23      0.153960E+22      0.389060E+22      0.127090E+22         0.481700E+23
   -38.943   175.180    11.625   230.0    65.0  -156.6   1.7          4      0.782490E+23      0.147640E+22      0.353480E+22      0.676290E+21         0.847758E+23
   -38.954   175.162    11.625   230.0    65.0  -143.0   1.7         12      0.242580E+24      0.177180E+22      0.208630E+22      0.949380E+21         0.249861E+24
   -38.966   175.145    11.625   230.0    65.0  -111.1   2.3         19      0.362930E+24      0.318150E+22      0.103130E+22      0.764580E+21         0.371586E+24
   -38.977   175.127    11.625   230.0    65.0   -97.4   2.6         10      0.187620E+24      0.893840E+21      0.603980E+21      0.804190E+21         0.191821E+24
   -38.897   175.281     8.000   230.0    65.0  -166.5   2.3          0      0.495050E+19      0.495050E+19      0.495050E+19      0.495050E+19         0.200000E+20
   -38.908   175.263     8.000   230.0    65.0   -95.7   2.4          0      0.183960E+22      0.935370E+21      0.644190E+21      0.145680E+22         0.492472E+22
   -38.920   175.245     8.000   230.0    65.0  -147.6   1.2         11      0.203440E+24      0.727560E+22      0.765420E+21      0.669110E+21         0.214272E+24
   -38.931   175.228     8.000   230.0    65.0  -124.2   0.6         25      0.486720E+24      0.114840E+22      0.648890E+21      0.149060E+22         0.494908E+24
   -38.862   175.243    18.876   230.0    65.0  -166.5   3.7          0      0.495050E+19      0.495050E+19      0.495050E+19      0.495050E+19         0.200000E+20
   -38.955   175.192     8.000   230.0    65.0  -138.1   0.9         15      0.284590E+24      0.339490E+22      0.922280E+21      0.949060E+21         0.292755E+24
   -38.966   175.175     8.000   230.0    65.0  -142.8   1.1          0      0.101030E+22      0.130500E+22      0.892600E+21      0.866120E+21         0.411476E+22
   -38.978   175.157     8.000   230.0    65.0  -155.2   1.8          0      0.178500E+22      0.140640E+22      0.171360E+22      0.773300E+21         0.573508E+22
   -38.989   175.139     8.000   230.0    65.0  -103.7   3.3          1      0.764240E+22      0.104670E+22      0.102320E+22      0.804660E+21         0.106221E+23
   -38.909   175.293     4.375   230.0    65.0  -166.5   2.6          0      0.495050E+19      0.495050E+19      0.495050E+19      0.495050E+19         0.200000E+20
   -38.920   175.275     4.375   230.0    65.0   -91.0   3.0          0      0.121400E+22      0.176390E+22      0.801490E+21      0.757030E+21         0.458178E+22
   -38.932   175.258     4.375   230.0    65.0   -85.6   2.0          0      0.146990E+22      0.166590E+22      0.681520E+21      0.103140E+22         0.489721E+22
   -38.943   175.240     4.375   230.0    65.0  -102.6   1.4          1      0.110790E+23      0.871400E+21      0.880050E+21      0.109670E+22         0.140664E+23
   -38.955   175.223     4.375   230.0    65.0  -146.6   2.1          2      0.193040E+23      0.876940E+22      0.841430E+21      0.849820E+21         0.300623E+23
   -38.966   175.205     4.375   230.0    65.0  -141.6   2.1          0      0.122710E+22      0.176880E+22      0.836160E+21      0.697920E+21         0.457528E+22
   -38.978   175.187     4.375   230.0    65.0  -153.7   2.2          0      0.643620E+21      0.131780E+22      0.909660E+21      0.925580E+21         0.383463E+22
   -38.989   175.170     4.375   230.0    65.0  -141.8   2.8          0      0.910360E+21      0.107720E+22      0.855880E+21      0.886900E+21         0.376764E+22
   -39.001   175.152     4.375   230.0    65.0  -159.5   3.1          2      0.830870E+21      0.161630E+22      0.745600E+21      0.265240E+23         0.300139E+23
