 RECTANGULAR fault MODEL

All subfaults are   6.0 km long along strike and
 11.0 km wide along dip

Model length along strike is   54.0 km

Model width along dip is   55.0 km

 Corners of the rectangular dislocation model (lat, lon):
    52.043  -168.848 : corner 1
    51.868  -169.590 : corner 2
    52.300  -169.861 : corner 3
    52.475  -169.119 : corner 4


 Number of elementary moment rate
 isoceles triangular functions
 per subfault:            4

 Half duration of elementary moment rate
 isoceles triangular functions (s):    1.66999996    

 seismic moment rate unit: dyne.cm
 (1 dyne.cm = 10E-7 N.m)


 Seismic moment is converted into slip
 using a single constant value for the
shear modulus mu of  0.250E+12 dyne/cm2
 assumed to be constant and characteristic
 of the fault shear zone


 "Lat, lon, depth" below are the coord                          in degrees of the subfaults centers

 "rake" (degrees) is the slip angle (Aki"s convention,
 e.g. rake=+45 means left-lateral-reverse movement.

 "ontime" is the rupture onset time in seconds of the subfault.

 amp1, amp2, amp3 and amp4 are the amplitudes
 of the isoceles triangular functions representing
 the moment rate function. Triangles are
 overlapping each other by half

 ************************************************
 Total seismic moment M0=    2.15226280E+25  dyne.cm
 ************************************************

 ================================================

      Lat     Lon      depth(km) strike    dip    rake  ontime       slip(cm)  amp1(dyne.cm/s) amp2(dyne.cm/s) amp3(dyne.cm/s)         	amp4(dyne.cm/s)       M0_subf

    52.258  -169.409    15.400   249.0    21.0    65.4   0.0         37      0.105470E+25      0.332120E+24      0.177200E+25      0.454580E+24         0.603438E+25 : hypocenter
    52.402  -169.216    19.342   249.0    21.0   149.0   6.0          1      0.828220E+23      0.139390E+23      0.117540E+23      0.122450E+23         0.201669E+24
    52.383  -169.298    19.342   249.0    21.0    84.9   7.2          2      0.855630E+22      0.108810E+23      0.184060E+24      0.150280E+23         0.364937E+24
    52.364  -169.381    19.342   249.0    21.0    94.6   8.0          2      0.850920E+22      0.478730E+23      0.917340E+23      0.208400E+23         0.282157E+24
    52.344  -169.463    19.342   249.0    21.0   110.4   8.0          4      0.945270E+22      0.134410E+24      0.101380E+24      0.142740E+24         0.647931E+24
    52.325  -169.545    19.342   249.0    21.0   132.6   8.0          2      0.120640E+23      0.970100E+22      0.825070E+23      0.676190E+23         0.287058E+24
    52.306  -169.628    19.342   249.0    21.0   150.0   8.0          7      0.838540E+22      0.139840E+23      0.192510E+23      0.630950E+24         0.112319E+25
    52.286  -169.710    19.342   249.0    21.0    60.0   6.0          0      0.696300E+20      0.696300E+20      0.696300E+20      0.696300E+20         0.465128E+21
    52.267  -169.793    19.342   249.0    21.0    60.0   7.5          0      0.696300E+20      0.696300E+20      0.696300E+20      0.696300E+20         0.465128E+21
    52.335  -169.079    15.400   249.0    21.0    60.0   6.9          0      0.696300E+20      0.696300E+20      0.696300E+20      0.696300E+20         0.465128E+21
    52.316  -169.161    15.400   249.0    21.0    95.7   5.3          4      0.112980E+24      0.172970E+23      0.128390E+24      0.173590E+24         0.721869E+24
    52.297  -169.244    15.400   249.0    21.0   143.0   3.6         11      0.800700E+24      0.189530E+23      0.675340E+23      0.172510E+24         0.176969E+25
    52.277  -169.326    15.400   249.0    21.0   119.8   2.1          8      0.106230E+24      0.154480E+24      0.292430E+24      0.251850E+24         0.134433E+25
    52.422  -169.133    19.342   249.0    21.0    60.0   7.5          0      0.696300E+20      0.696300E+20      0.696300E+20      0.696300E+20         0.465128E+21
    52.239  -169.491    15.400   249.0    21.0    76.8   4.3          9      0.212300E+24      0.482200E+24      0.822700E+23      0.107180E+24         0.147620E+25
    52.219  -169.574    15.400   249.0    21.0    66.5   4.3         10      0.274160E+24      0.375070E+24      0.261950E+24      0.315030E+23         0.157428E+25
    52.200  -169.656    15.400   249.0    21.0    60.0   5.1          0      0.696300E+20      0.696300E+20      0.696300E+20      0.696300E+20         0.465128E+21
    52.180  -169.739    15.400   249.0    21.0    60.0   6.9          0      0.696300E+20      0.696300E+20      0.696300E+20      0.696300E+20         0.465128E+21
    52.249  -169.025    11.458   249.0    21.0    60.0   7.5          0      0.696300E+20      0.696300E+20      0.696300E+20      0.696300E+20         0.465128E+21
    52.230  -169.107    11.458   249.0    21.0    61.8   6.1          4      0.569030E+23      0.292960E+24      0.177640E+23      0.917410E+22         0.629258E+24
    52.210  -169.190    11.458   249.0    21.0    86.6   5.3          2      0.274230E+23      0.783820E+23      0.518740E+23      0.955800E+22         0.279286E+24
    52.191  -169.272    11.458   249.0    21.0   104.3   3.6          4      0.146420E+24      0.172740E+24      0.274380E+23      0.379350E+23         0.642170E+24
    52.172  -169.355    11.458   249.0    21.0   120.0   5.3          8      0.508040E+24      0.116410E+24      0.187320E+24      0.245320E+23         0.139662E+25
    52.152  -169.437    11.458   249.0    21.0   104.6   3.6          8      0.678600E+24      0.237740E+23      0.400680E+23      0.127210E+23         0.126112E+25
    52.133  -169.520    11.458   249.0    21.0   133.7   6.6          1      0.869680E+23      0.383470E+23      0.865190E+22      0.104800E+23         0.241226E+24
    52.113  -169.602    11.458   249.0    21.0    60.0   6.0          0      0.696300E+20      0.696300E+20      0.696300E+20      0.696300E+20         0.465128E+21
    52.094  -169.684    11.458   249.0    21.0    60.0   7.5          0      0.696300E+20      0.696300E+20      0.696300E+20      0.696300E+20         0.465128E+21
    52.163  -168.971     7.516   249.0    21.0    60.0   8.1          0      0.696300E+20      0.696300E+20      0.696300E+20      0.696300E+20         0.465128E+21
    52.143  -169.053     7.516   249.0    21.0    60.6   8.1          0      0.115100E+23      0.935690E+22      0.100030E+23      0.122680E+23         0.720403E+23
    52.124  -169.136     7.516   249.0    21.0    60.6   7.6          0      0.965030E+22      0.898930E+22      0.100990E+23      0.862520E+22         0.623975E+23
    52.105  -169.218     7.516   249.0    21.0    95.7   6.7          0      0.101070E+23      0.800560E+22      0.876810E+22      0.964210E+22         0.609931E+23
    52.085  -169.300     7.516   249.0    21.0   112.2   7.6          0      0.126890E+23      0.100070E+23      0.910460E+22      0.890920E+22         0.679854E+23
    52.066  -169.383     7.516   249.0    21.0   130.8   7.5          0      0.886510E+22      0.976780E+22      0.112500E+23      0.839420E+22         0.639228E+23
    52.046  -169.465     7.516   249.0    21.0   149.4   8.0          0      0.915400E+22      0.995350E+22      0.101140E+23      0.953420E+22         0.647220E+23
    52.027  -169.548     7.516   249.0    21.0    60.0   8.1          0      0.696300E+20      0.696300E+20      0.696300E+20      0.696300E+20         0.465128E+21
    52.008  -169.630     7.516   249.0    21.0    60.0   8.1          0      0.696300E+20      0.696300E+20      0.696300E+20      0.696300E+20         0.465128E+21
    52.076  -168.917     3.574   249.0    21.0    60.0   8.1          0      0.696300E+20      0.696300E+20      0.696300E+20      0.696300E+20         0.465128E+21
    52.057  -168.999     3.574   249.0    21.0   110.0   8.1          0      0.941930E+22      0.109430E+23      0.109120E+23      0.114850E+23         0.714080E+23
    52.038  -169.081     3.574   249.0    21.0   104.9   8.1          0      0.138200E+23      0.898350E+22      0.854400E+22      0.991850E+22         0.689142E+23
    52.018  -169.164     3.574   249.0    21.0   144.5   8.1          0      0.946380E+22      0.836460E+22      0.930930E+22      0.871970E+22         0.598819E+23
    51.999  -169.246     3.574   249.0    21.0   148.2   8.1          0      0.145830E+23      0.105580E+23      0.874850E+22      0.142510E+23         0.803946E+23
    51.979  -169.329     3.574   249.0    21.0   147.9   8.1          0      0.140210E+23      0.126100E+23      0.106650E+23      0.109430E+23         0.805591E+23
    51.960  -169.411     3.574   249.0    21.0   146.6   8.1          3      0.193400E+24      0.775800E+23      0.892520E+22      0.105510E+23         0.485062E+24
    51.941  -169.494     3.574   249.0    21.0    60.0   8.1          0      0.696300E+20      0.696300E+20      0.696300E+20      0.696300E+20         0.465128E+21
    51.921  -169.576     3.574   249.0    21.0    60.0   8.1          0      0.696300E+20      0.696300E+20      0.696300E+20      0.696300E+20         0.465128E+21
