 RECTANGULAR fault MODEL

All subfaults are   6.0 km long along strike and
  4.6 km wide along dip

Model length along strike is   54.0 km

Model width along dip is   23.0 km

 Corners of the rectangular dislocation model (lat, lon):
    52.152  -169.775 : corner 1
    52.444  -169.141 : corner 2
    52.387  -169.070 : corner 3
    52.094  -169.705 : corner 4


 Number of elementary moment rate
 isoceles triangular functions
 per subfault:            4

 Half duration of elementary moment rate
 isoceles triangular functions (s):    1.66999996    

 seismic moment rate unit: dyne.cm
 (1 dyne.cm = 10E-7 N.m)


 Seismic moment is converted into slip
 using a single constant value for the
shear modulus mu of  0.250E+12 dyne/cm2
 assumed to be constant and characteristic
 of the fault shear zone


 "Lat, lon, depth" below are the coord                          in degrees of the subfaults centers

 "rake" (degrees) is the slip angle (Aki"s convention,
 e.g. rake=+45 means left-lateral-reverse movement.

 "ontime" is the rupture onset time in seconds of the subfault.

 amp1, amp2, amp3 and amp4 are the amplitudes
 of the isoceles triangular functions representing
 the moment rate function. Triangles are
 overlapping each other by half

 ************************************************
 Total seismic moment M0=    2.34436212E+25  dyne.cm
 ************************************************

 ================================================

      Lat     Lon      depth(km) strike    dip    rake  ontime       slip(cm)  amp1(dyne.cm/s) amp2(dyne.cm/s) amp3(dyne.cm/s)         	amp4(dyne.cm/s)       M0_subf

    52.258  -169.409    15.400    53.0    69.7    73.9   0.0         19      0.569910E+24      0.198900E+23      0.404430E+23      0.163550E+24         0.132563E+25 : hypocenter
    52.149  -169.606    19.716    53.0    69.7    39.3   5.3          0      0.291180E+20      0.291180E+20      0.291180E+20      0.291180E+20         0.194508E+21
    52.181  -169.536    19.716    53.0    69.7   111.5   3.9         13      0.339990E+24      0.181070E+24      0.162090E+23      0.494470E+22         0.905497E+24
    52.214  -169.465    19.716    53.0    69.7   108.0   3.3         32      0.577170E+24      0.344490E+24      0.362360E+24      0.540290E+23         0.223454E+25
    52.246  -169.395    19.716    53.0    69.7   109.2   3.8         32      0.246730E+24      0.450650E+24      0.549160E+24      0.815580E+23         0.221792E+25
    52.279  -169.324    19.716    53.0    69.7    69.2   5.7         19      0.888880E+22      0.264170E+24      0.480140E+24      0.302690E+23         0.130839E+25
    52.312  -169.254    19.716    53.0    69.7    99.0   4.8          9      0.434560E+22      0.714270E+23      0.278430E+24      0.301500E+23         0.641869E+24
    52.344  -169.183    19.716    53.0    69.7   123.3   7.9          7      0.394000E+22      0.223610E+23      0.249070E+24      0.549540E+22         0.469047E+24
    52.377  -169.113    19.716    53.0    69.7    39.3   7.0          0      0.291180E+20      0.291180E+20      0.291180E+20      0.291180E+20         0.194508E+21
    52.128  -169.691    15.400    53.0    69.7    39.3   6.9          0      0.291180E+20      0.291180E+20      0.291180E+20      0.291180E+20         0.194508E+21
    52.160  -169.620    15.400    53.0    69.7    39.3   5.1          0      0.291180E+20      0.291180E+20      0.291180E+20      0.291180E+20         0.194508E+21
    52.193  -169.550    15.400    53.0    69.7    96.7   3.9          3      0.116830E+24      0.745190E+22      0.460810E+22      0.105900E+23         0.232932E+24
    52.225  -169.479    15.400    53.0    69.7    67.2   2.5         25      0.882790E+24      0.124220E+24      0.120420E+23      0.705210E+22         0.171359E+25
    52.116  -169.677    19.716    53.0    69.7    39.3   7.0          0      0.291180E+20      0.291180E+20      0.291180E+20      0.291180E+20         0.194508E+21
    52.290  -169.338    15.400    53.0    69.7    43.1   5.1          8      0.165080E+23      0.984330E+23      0.108640E+24      0.101260E+24         0.542484E+24
    52.323  -169.268    15.400    53.0    69.7    60.5   5.8          5      0.944380E+22      0.612360E+23      0.149690E+24      0.499120E+22         0.376353E+24
    52.356  -169.197    15.400    53.0    69.7   127.2   7.9          1      0.454590E+22      0.734050E+22      0.120280E+23      0.354540E+23         0.991452E+23
    52.388  -169.127    15.400    53.0    69.7    39.3   6.9          0      0.291180E+20      0.291180E+20      0.291180E+20      0.291180E+20         0.194508E+21
    52.139  -169.705    11.084    53.0    69.7    39.3   7.0          0      0.291180E+20      0.291180E+20      0.291180E+20      0.291180E+20         0.194508E+21
    52.172  -169.634    11.084    53.0    69.7    39.3   5.3          0      0.291180E+20      0.291180E+20      0.291180E+20      0.291180E+20         0.194508E+21
    52.204  -169.564    11.084    53.0    69.7   113.6   6.6          2      0.273770E+23      0.592970E+22      0.523320E+22      0.465880E+23         0.142164E+24
    52.237  -169.493    11.084    53.0    69.7    75.4   2.6          9      0.268630E+24      0.329590E+23      0.431020E+23      0.164390E+23         0.603087E+24
    52.269  -169.423    11.084    53.0    69.7   101.5   1.7         10      0.380960E+24      0.985030E+22      0.293120E+23      0.110190E+23         0.720006E+24
    52.302  -169.352    11.084    53.0    69.7    56.6   5.2          3      0.635130E+22      0.610090E+23      0.469520E+23      0.288590E+23         0.239096E+24
    52.334  -169.282    11.084    53.0    69.7    68.4   5.1          2      0.833070E+22      0.116800E+23      0.400010E+23      0.190630E+23         0.132055E+24
    52.367  -169.211    11.084    53.0    69.7   108.5   7.9          2      0.386440E+22      0.894820E+22      0.685290E+22      0.794680E+23         0.165553E+24
    52.400  -169.141    11.084    53.0    69.7    39.3   7.0          0      0.291180E+20      0.291180E+20      0.291180E+20      0.291180E+20         0.194508E+21
    52.151  -169.719     6.769    53.0    69.7    39.3   7.3          0      0.291180E+20      0.291180E+20      0.291180E+20      0.291180E+20         0.194508E+21
    52.183  -169.649     6.769    53.0    69.7    39.3   5.8          0      0.291180E+20      0.291180E+20      0.291180E+20      0.291180E+20         0.194508E+21
    52.216  -169.578     6.769    53.0    69.7   120.7   6.8          4      0.493350E+23      0.504220E+23      0.505650E+22      0.676900E+23         0.288081E+24
    52.248  -169.508     6.769    53.0    69.7   106.8   7.8          6      0.250460E+23      0.687870E+23      0.642900E+22      0.161220E+24         0.436675E+24
    52.281  -169.437     6.769    53.0    69.7   107.2   2.7         15      0.521900E+24      0.119450E+23      0.549930E+23      0.295860E+23         0.103277E+25
    52.313  -169.367     6.769    53.0    69.7    57.3   3.4          4      0.566780E+22      0.921760E+22      0.370500E+23      0.120690E+24         0.288284E+24
    52.346  -169.296     6.769    53.0    69.7    67.4   6.1          5      0.852090E+22      0.100600E+24      0.103970E+24      0.478170E+22         0.363847E+24
    52.378  -169.225     6.769    53.0    69.7    73.4   7.9          2      0.675390E+23      0.628380E+22      0.552700E+22      0.479880E+22         0.140528E+24
    52.411  -169.155     6.769    53.0    69.7    39.3   7.3          0      0.291180E+20      0.291180E+20      0.291180E+20      0.291180E+20         0.194508E+21
    52.162  -169.733     2.453    53.0    69.7    39.3   7.9          0      0.291180E+20      0.291180E+20      0.291180E+20      0.291180E+20         0.194508E+21
    52.195  -169.663     2.453    53.0    69.7    39.3   6.5          0      0.291180E+20      0.291180E+20      0.291180E+20      0.291180E+20         0.194508E+21
    52.227  -169.592     2.453    53.0    69.7   112.1   6.5          9      0.273360E+24      0.133480E+23      0.414390E+22      0.754250E+23         0.611682E+24
    52.260  -169.522     2.453    53.0    69.7   109.9   5.0         10      0.184320E+24      0.239200E+24      0.554160E+22      0.449840E+22         0.724045E+24
    52.292  -169.451     2.453    53.0    69.7    85.7   4.3         15      0.453450E+24      0.125900E+24      0.164650E+23      0.483670E+22         0.100309E+25
    52.325  -169.381     2.453    53.0    69.7    93.1   4.4         19      0.660270E+24      0.787310E+23      0.578410E+23      0.633230E+22         0.134130E+25
    52.357  -169.310     2.453    53.0    69.7    64.1   5.2         15      0.426870E+24      0.130120E+23      0.153580E+24      0.624590E+22         0.100151E+25
    52.390  -169.240     2.453    53.0    69.7    41.1   6.5         31      0.126590E+25      0.659540E+22      0.524300E+22      0.340210E+22         0.213950E+25
    52.422  -169.169     2.453    53.0    69.7    39.3   7.9          0      0.291180E+20      0.291180E+20      0.291180E+20      0.291180E+20         0.194508E+21
