2.0
#
# http://equake-rc.info/static/paper/SRF-Description-Graves_2.0.pdf
# RECTANGULAR fault MODEL
#
# All subfaults are   7.0 km long along strike and
#  12.3 km wide along dip
#
# Model length along strike is   63.0 km
#
# Model width along dip is   61.5 km
#
# Corners of the rectangular dislocation model (lat, lon):
#     13.955   -92.944 : corner 1
#     14.253   -93.442 : corner 2
#     14.705   -93.153 : corner 3
#     14.406   -92.656 : corner 4
#
#
# Number of elementary sliprate
# isoceles triangular functions
# per subfault:   4
#
# Half duration of elementary sliprate
# isoceles triangular functions (s):   1.81
# Triangles are overlapping each other by half
#
# slip rate unit: cm/s
#
#
# Seismic moment is converted into slip
# using a single constant value for the
# shear modulus mu of  0.250E+12 dyne/cm2
# assumed to be constant and characteristic
# of the fault shear zone
#
#
#
# "rake" (degrees) is the slip angle (Aki"s convention,
# e.g. rake=+45 means left-lateral-reverse movement.
#
#
# ************************************************
# Total seismic moment M0=  0.603E+26 dyne.cm
# ************************************************
#
#
PLANE 1
 -93.19300    14.10400    9    5    63.000    61.500
301.78  16.12     0.046     0.000    43.052
POINTS   45
 -92.99080    14.42010    12.000  301.78  16.12  0.8610E+12    0.00   1.81  -1  -1    73.61     9  4   0.0  0   0.0  0
       3.1         0.9         0.4         0.6
 -92.76730    14.41098    15.415  301.78  16.12  0.8610E+12    7.07   1.81  -1  -1    90.03    11  4   0.0  0   0.0  0
       4.8         0.1         0.1         0.9
 -92.82254    14.44412    15.415  301.78  16.12  0.8610E+12    5.32   1.81  -1  -1    38.06     0  4   0.0  0   0.0  0
       0.0         0.0         0.0         0.0
 -92.87778    14.47727    15.415  301.78  16.12  0.8610E+12    4.04   1.81  -1  -1    38.06     0  4   0.0  0   0.0  0
       0.0         0.0         0.0         0.0
 -92.93303    14.51041    15.415  301.78  16.12  0.8610E+12    4.64   1.81  -1  -1   107.96     7  4   0.0  0   0.0  0
       1.4         1.0         0.6         0.9
 -92.98827    14.54356    15.415  301.78  16.12  0.8610E+12    6.71   1.81  -1  -1    98.50     4  4   0.0  0   0.0  0
       0.3         1.1         0.6         0.3
 -93.04351    14.57671    15.415  301.78  16.12  0.8610E+12    5.64   1.81  -1  -1   104.59    14  4   0.0  0   0.0  0
       3.0         4.2         0.4         0.3
 -93.09875    14.60985    15.415  301.78  16.12  0.8610E+12    7.06   1.81  -1  -1    99.37     7  4   0.0  0   0.0  0
       2.0         1.4         0.4         0.1
 -93.15400    14.64300    15.415  301.78  16.12  0.8610E+12    8.74   1.81  -1  -1    38.06     0  4   0.0  0   0.0  0
       0.0         0.0         0.0         0.0
 -92.76983    14.28752    12.000  301.78  16.12  0.8610E+12    8.02   1.81  -1  -1    98.35     4  4   0.0  0   0.0  0
       1.9         0.1         0.1         0.1
 -92.82507    14.32066    12.000  301.78  16.12  0.8610E+12    6.23   1.81  -1  -1   114.72     1  4   0.0  0   0.0  0
       0.1         0.2         0.2         0.1
 -92.88032    14.35381    12.000  301.78  16.12  0.8610E+12    4.00   1.81  -1  -1    38.06     0  4   0.0  0   0.0  0
       0.0         0.0         0.0         0.0
 -92.93555    14.38695    12.000  301.78  16.12  0.8610E+12    2.00   1.81  -1  -1    38.06     0  4   0.0  0   0.0  0
       0.0         0.0         0.0         0.0
 -92.71206    14.37783    15.415  301.78  16.12  0.8610E+12    8.95   1.81  -1  -1   115.30     3  4   0.0  0   0.0  0
       0.2         0.5         0.5         0.4
 -93.04604    14.45325    12.000  301.78  16.12  0.8610E+12    3.90   1.81  -1  -1    89.76     4  4   0.0  0   0.0  0
       0.2         1.2         0.4         0.1
 -93.10128    14.48639    12.000  301.78  16.12  0.8610E+12    5.56   1.81  -1  -1    99.77     3  4   0.0  0   0.0  0
       0.5         0.8         0.4         0.1
 -93.15652    14.51954    12.000  301.78  16.12  0.8610E+12    6.87   1.81  -1  -1   101.66     6  4   0.0  0   0.0  0
       1.4         1.1         0.6         0.1
 -93.21177    14.55268    12.000  301.78  16.12  0.8610E+12    8.00   1.81  -1  -1    38.06     0  4   0.0  0   0.0  0
       0.0         0.0         0.0         0.0
 -92.82760    14.19720     8.585  301.78  16.12  0.8610E+12    8.78   1.81  -1  -1   114.24     2  4   0.0  0   0.0  0
       0.1         0.1         0.2         0.8
 -92.88284    14.23035     8.585  301.78  16.12  0.8610E+12    8.31   1.81  -1  -1    98.94     2  4   0.0  0   0.0  0
       0.3         0.4         0.3         0.2
 -92.93809    14.26349     8.585  301.78  16.12  0.8610E+12    5.32   1.81  -1  -1    38.06     0  4   0.0  0   0.0  0
       0.0         0.0         0.0         0.0
 -92.99333    14.29664     8.585  301.78  16.12  0.8610E+12    4.04   1.81  -1  -1    38.06     0  4   0.0  0   0.0  0
       0.0         0.0         0.0         0.0
 -93.04857    14.32979     8.585  301.78  16.12  0.8610E+12    3.62   1.81  -1  -1    82.79     3  4   0.0  0   0.0  0
       0.8         0.8         0.2         0.1
 -93.10381    14.36293     8.585  301.78  16.12  0.8610E+12    7.78   1.81  -1  -1    98.89    12  4   0.0  0   0.0  0
       1.4         2.1         1.2         2.0
 -93.15906    14.39608     8.585  301.78  16.12  0.8610E+12    8.14   1.81  -1  -1    94.10    12  4   0.0  0   0.0  0
       2.1         2.6         1.0         1.1
 -93.21429    14.42922     8.585  301.78  16.12  0.8610E+12    7.22   1.81  -1  -1    88.34    13  4   0.0  0   0.0  0
       2.3         3.2         1.0         0.7
 -93.26954    14.46237     8.585  301.78  16.12  0.8610E+12    8.74   1.81  -1  -1    38.06     0  4   0.0  0   0.0  0
       0.0         0.0         0.0         0.0
 -92.88538    14.10689     5.169  301.78  16.12  0.8610E+12    9.14   1.81  -1  -1    89.68     1  4   0.0  0   0.0  0
       0.1         0.1         0.2         0.2
 -92.94062    14.14003     5.169  301.78  16.12  0.8610E+12    9.14   1.81  -1  -1   101.34     1  4   0.0  0   0.0  0
       0.1         0.1         0.2         0.2
 -92.99586    14.17318     5.169  301.78  16.12  0.8610E+12    8.09   1.81  -1  -1    38.06     0  4   0.0  0   0.0  0
       0.0         0.0         0.0         0.0
 -93.05110    14.20633     5.169  301.78  16.12  0.8610E+12    7.31   1.81  -1  -1    38.06     0  4   0.0  0   0.0  0
       0.0         0.0         0.0         0.0
 -93.10635    14.23947     5.169  301.78  16.12  0.8610E+12    7.76   1.81  -1  -1    97.12     1  4   0.0  0   0.0  0
       0.1         0.2         0.1         0.2
 -93.16158    14.27262     5.169  301.78  16.12  0.8610E+12    8.44   1.81  -1  -1    95.07     1  4   0.0  0   0.0  0
       0.2         0.2         0.1         0.1
 -93.21683    14.30577     5.169  301.78  16.12  0.8610E+12    8.69   1.81  -1  -1   105.29     5  4   0.0  0   0.0  0
       1.7         0.9         0.1         0.1
 -93.27207    14.33891     5.169  301.78  16.12  0.8610E+12    9.14   1.81  -1  -1    69.30     3  4   0.0  0   0.0  0
       0.1         0.7         0.1         0.5
 -93.32732    14.37206     5.169  301.78  16.12  0.8610E+12    9.14   1.81  -1  -1    38.06     0  4   0.0  0   0.0  0
       0.0         0.0         0.0         0.0
 -92.94315    14.01657     1.754  301.78  16.12  0.8610E+12    9.14   1.81  -1  -1    83.00    19  4   0.0  0   0.0  0
       4.1         2.1         4.3         0.2
 -92.99839    14.04972     1.754  301.78  16.12  0.8610E+12    9.14   1.81  -1  -1    80.03    17  4   0.0  0   0.0  0
       4.4         4.0         0.8         0.1
 -93.05363    14.08287     1.754  301.78  16.12  0.8610E+12    9.14   1.81  -1  -1    38.06     0  4   0.0  0   0.0  0
       0.0         0.0         0.0         0.0
 -93.10887    14.11601     1.754  301.78  16.12  0.8610E+12    9.14   1.81  -1  -1    38.06     0  4   0.0  0   0.0  0
       0.0         0.0         0.0         0.0
 -93.16412    14.14916     1.754  301.78  16.12  0.8610E+12    9.14   1.81  -1  -1    81.42     2  4   0.0  0   0.0  0
       0.3         0.5         0.3         0.3
 -93.21936    14.18231     1.754  301.78  16.12  0.8610E+12    9.14   1.81  -1  -1    86.63    12  4   0.0  0   0.0  0
       0.5         0.4         3.8         1.7
 -93.27460    14.21545     1.754  301.78  16.12  0.8610E+12    9.14   1.81  -1  -1    80.86    32  4   0.0  0   0.0  0
       1.4         4.2        12.2         0.1
 -93.32984    14.24860     1.754  301.78  16.12  0.8610E+12    9.14   1.81  -1  -1    71.74    68  4   0.0  0   0.0  0
      22.2        11.3         3.9         0.1
 -93.38509    14.28174     1.754  301.78  16.12  0.8610E+12    9.14   1.81  -1  -1    38.06     0  4   0.0  0   0.0  0
       0.0         0.0         0.0         0.0
