 RECTANGULAR fault MODEL

All subfaults are  23.0 km long along strike and
  5.9 km wide along dip

Model length along strike is  345.0 km

Model width along dip is   29.5 km

 Corners of the rectangular dislocation model (lat, lon):
    -8.441   122.912 : corner 1
    -8.248   119.788 : corner 2
    -8.133   119.795 : corner 3
    -8.325   122.919 : corner 4


 Number of elementary moment rate
 isoceles triangular functions
 per subfault:            4

 Half duration of elementary moment rate
 isoceles triangular functions (s):    5.28999996    

 seismic moment rate unit: dyne.cm
 (1 dyne.cm = 10E-7 N.m)


 Seismic moment is converted into slip
 using a single constant value for the
shear modulus mu of  0.250E+12 dyne/cm2
 assumed to be constant and characteristic
 of the fault shear zone


 "Lat, lon, depth" below are the coord                          in degrees of the subfaults centers

 "rake" (degrees) is the slip angle (Aki"s convention,
 e.g. rake=+45 means left-lateral-reverse movement.

 "ontime" is the rupture onset time in seconds of the subfault.

 amp1, amp2, amp3 and amp4 are the amplitudes
 of the isoceles triangular functions representing
 the moment rate function. Triangles are
 overlapping each other by half

 ************************************************
 Total seismic moment M0=    4.58875391E+27  dyne.cm
 ************************************************

 ================================================

      Lat     Lon      depth(km) strike    dip    rake  ontime       slip(cm)  amp1(dyne.cm/s) amp2(dyne.cm/s) amp3(dyne.cm/s)         	amp4(dyne.cm/s)       M0_subf

    -8.310   121.352     8.000   273.6    64.1   100.2   0.0        568      0.452780E+25      0.289670E+26      0.274190E+25      0.201980E+24         0.192761E+27 : hypocenter
    -8.318   122.606    23.923   273.6    64.1    47.4  39.8          0      0.489880E+21      0.489880E+21      0.489880E+21      0.489880E+21         0.103659E+23
    -8.305   122.398    23.923   273.6    64.1    47.4  33.2          0      0.489880E+21      0.489880E+21      0.489880E+21      0.489880E+21         0.103659E+23
    -8.292   122.190    23.923   273.6    64.1    47.4  26.8          0      0.489880E+21      0.489880E+21      0.489880E+21      0.489880E+21         0.103659E+23
    -8.279   121.981    23.923   273.6    64.1    47.4  20.4          0      0.489880E+21      0.489880E+21      0.489880E+21      0.489880E+21         0.103659E+23
    -8.266   121.773    23.923   273.6    64.1   109.2  15.9        142      0.102630E+25      0.629140E+25      0.768010E+24      0.989550E+24         0.480081E+26
    -8.254   121.565    23.923   273.6    64.1    86.8  15.5        189      0.875940E+25      0.131080E+25      0.196190E+25      0.668560E+23         0.640035E+26
    -8.241   121.356    23.923   273.6    64.1    78.7  14.6        385      0.657220E+25      0.864630E+25      0.901800E+24      0.857750E+25         0.130651E+27
    -8.228   121.148    23.923   273.6    64.1    90.2  11.9        367      0.106040E+26      0.721810E+25      0.455800E+25      0.114830E+25         0.124465E+27
    -8.215   120.940    23.923   273.6    64.1    94.1  17.0        357      0.926540E+25      0.129270E+25      0.723850E+25      0.512080E+25         0.121233E+27
    -8.202   120.731    23.923   273.6    64.1   113.2  27.5        415      0.220970E+26      0.940950E+24      0.200760E+25      0.159170E+25         0.140911E+27
    -8.189   120.523    23.923   273.6    64.1    92.0  31.0        538      0.289720E+26      0.506570E+25      0.580040E+23      0.376720E+24         0.182359E+27
    -8.177   120.315    23.923   273.6    64.1   100.5  37.5        362      0.194440E+26      0.152020E+25      0.981220E+24      0.127430E+25         0.122832E+27
    -8.164   120.107    23.923   273.6    64.1    47.4  39.8          0      0.489880E+21      0.489880E+21      0.489880E+21      0.489880E+21         0.103659E+23
    -8.151   119.898    23.923   273.6    64.1    47.4  41.9          0      0.489880E+21      0.489880E+21      0.489880E+21      0.489880E+21         0.103659E+23
    -8.354   122.813    18.615   273.6    64.1    47.4  41.9          0      0.489880E+21      0.489880E+21      0.489880E+21      0.489880E+21         0.103659E+23
    -8.341   122.605    18.615   273.6    64.1    47.4  39.6          0      0.489880E+21      0.489880E+21      0.489880E+21      0.489880E+21         0.103659E+23
    -8.328   122.396    18.615   273.6    64.1    47.4  33.0          0      0.489880E+21      0.489880E+21      0.489880E+21      0.489880E+21         0.103659E+23
    -8.315   122.188    18.615   273.6    64.1    47.4  26.5          0      0.489880E+21      0.489880E+21      0.489880E+21      0.489880E+21         0.103659E+23
    -8.302   121.980    18.615   273.6    64.1    47.4  20.0          0      0.489880E+21      0.489880E+21      0.489880E+21      0.489880E+21         0.103659E+23
    -8.289   121.772    18.615   273.6    64.1    95.1  28.8        149      0.880660E+23      0.100600E+25      0.358020E+25      0.489820E+25         0.506383E+26
    -8.277   121.563    18.615   273.6    64.1   111.3  12.8        235      0.223660E+25      0.622860E+25      0.301590E+25      0.358890E+25         0.797203E+26
    -8.264   121.355    18.615   273.6    64.1    91.3   7.4        477      0.274320E+26      0.305830E+25      0.584990E+23      0.668610E+23         0.161957E+27
    -8.251   121.147    18.615   273.6    64.1    74.0  14.4        372      0.113100E+26      0.701950E+25      0.431320E+25      0.123310E+25         0.126303E+27
    -8.238   120.938    18.615   273.6    64.1   114.0  17.0        329      0.535600E+25      0.425130E+25      0.786180E+25      0.362600E+25         0.111593E+27
    -8.225   120.730    18.615   273.6    64.1    99.8  27.5        451      0.238780E+26      0.304890E+25      0.194410E+25      0.767320E+23         0.153134E+27
    -8.213   120.522    18.615   273.6    64.1    90.6  31.5        431      0.188690E+26      0.704340E+25      0.173360E+24      0.156440E+25         0.146269E+27
    -8.200   120.313    18.615   273.6    64.1    81.4  36.2        265      0.120950E+26      0.238380E+25      0.664890E+24      0.186150E+25         0.899575E+26
    -8.187   120.105    18.615   273.6    64.1    47.4  39.6          0      0.489880E+21      0.489880E+21      0.489880E+21      0.489880E+21         0.103659E+23
    -8.174   119.897    18.615   273.6    64.1    47.4  41.9          0      0.489880E+21      0.489880E+21      0.489880E+21      0.489880E+21         0.103659E+23
    -8.377   122.812    13.308   273.6    64.1    47.4  41.9          0      0.489880E+21      0.489880E+21      0.489880E+21      0.489880E+21         0.103659E+23
    -8.364   122.603    13.308   273.6    64.1    47.4  39.5          0      0.489880E+21      0.489880E+21      0.489880E+21      0.489880E+21         0.103659E+23
    -8.351   122.395    13.308   273.6    64.1    47.4  32.9          0      0.489880E+21      0.489880E+21      0.489880E+21      0.489880E+21         0.103659E+23
    -8.338   122.187    13.308   273.6    64.1    47.4  26.3          0      0.489880E+21      0.489880E+21      0.489880E+21      0.489880E+21         0.103659E+23
    -8.325   121.978    13.308   273.6    64.1    47.4  19.8          0      0.489880E+21      0.489880E+21      0.489880E+21      0.489880E+21         0.103659E+23
    -8.313   121.770    13.308   273.6    64.1    99.3  18.1        157      0.145570E+25      0.455260E+25      0.499690E+24      0.357230E+25         0.533247E+26
    -8.300   121.562    13.308   273.6    64.1   115.7  19.6        290      0.182810E+25      0.565460E+25      0.648970E+25      0.464430E+25         0.984823E+26
    -8.287   121.353    13.308   273.6    64.1   100.2   5.8        575      0.288800E+26      0.784170E+25      0.607980E+23      0.823840E+23         0.195015E+27
    -8.274   121.145    13.308   273.6    64.1    62.7  20.3        404      0.112880E+26      0.496910E+25      0.433050E+25      0.529680E+25         0.136928E+27
    -8.261   120.937    13.308   273.6    64.1    99.7  30.2        363      0.139830E+26      0.546740E+25      0.220930E+24      0.360030E+25         0.123107E+27
    -8.248   120.729    13.308   273.6    64.1    88.1  27.6        436      0.177580E+26      0.545790E+25      0.361440E+25      0.114630E+25         0.147996E+27
    -8.236   120.520    13.308   273.6    64.1    62.2  29.5        392      0.753670E+25      0.833990E+25      0.347680E+25      0.577500E+25         0.132929E+27
    -8.223   120.312    13.308   273.6    64.1    76.5  36.7        182      0.691640E+25      0.310220E+25      0.141670E+25      0.258870E+24         0.618622E+26
    -8.210   120.104    13.308   273.6    64.1    47.4  39.5          0      0.489880E+21      0.489880E+21      0.489880E+21      0.489880E+21         0.103659E+23
    -8.197   119.895    13.308   273.6    64.1    47.4  41.9          0      0.489880E+21      0.489880E+21      0.489880E+21      0.489880E+21         0.103659E+23
    -8.400   122.810     8.000   273.6    64.1    47.4  41.9          0      0.489880E+21      0.489880E+21      0.489880E+21      0.489880E+21         0.103659E+23
    -8.387   122.602     8.000   273.6    64.1    47.4  39.4          0      0.489880E+21      0.489880E+21      0.489880E+21      0.489880E+21         0.103659E+23
    -8.374   122.394     8.000   273.6    64.1    47.4  32.9          0      0.489880E+21      0.489880E+21      0.489880E+21      0.489880E+21         0.103659E+23
    -8.361   122.185     8.000   273.6    64.1    47.4  26.3          0      0.489880E+21      0.489880E+21      0.489880E+21      0.489880E+21         0.103659E+23
    -8.348   121.977     8.000   273.6    64.1    47.4  19.7          0      0.489880E+21      0.489880E+21      0.489880E+21      0.489880E+21         0.103659E+23
    -8.336   121.769     8.000   273.6    64.1    96.1  18.5        203      0.202270E+25      0.171260E+25      0.377910E+25      0.550390E+25         0.688668E+26
    -8.323   121.560     8.000   273.6    64.1   101.3  15.6        360      0.900730E+25      0.428930E+25      0.156710E+25      0.822940E+25         0.122163E+27
    -8.330   122.814    23.923   273.6    64.1    47.4  41.9          0      0.489880E+21      0.489880E+21      0.489880E+21      0.489880E+21         0.103659E+23
    -8.297   121.144     8.000   273.6    64.1    83.7  14.4        409      0.806160E+25      0.950930E+25      0.427600E+25      0.436180E+25         0.138644E+27
    -8.284   120.935     8.000   273.6    64.1    85.8  39.3        290      0.240670E+25      0.455570E+25      0.100010E+26      0.162460E+25         0.983305E+26
    -8.272   120.727     8.000   273.6    64.1   110.2  22.4        353      0.137260E+26      0.688820E+25      0.125850E+25      0.757130E+24         0.119712E+27
    -8.259   120.519     8.000   273.6    64.1   115.4  29.4        283      0.100400E+26      0.733610E+25      0.275680E+24      0.502590E+24         0.960366E+26
    -8.246   120.310     8.000   273.6    64.1    50.6  39.4        156      0.652650E+25      0.250300E+25      0.806640E+24      0.153560E+24         0.528455E+26
    -8.233   120.102     8.000   273.6    64.1    47.4  39.4          0      0.489880E+21      0.489880E+21      0.489880E+21      0.489880E+21         0.103659E+23
    -8.220   119.894     8.000   273.6    64.1    47.4  41.9          0      0.489880E+21      0.489880E+21      0.489880E+21      0.489880E+21         0.103659E+23
    -8.423   122.809     2.692   273.6    64.1    47.4  41.9          0      0.489880E+21      0.489880E+21      0.489880E+21      0.489880E+21         0.103659E+23
    -8.410   122.600     2.692   273.6    64.1    47.4  39.5          0      0.489880E+21      0.489880E+21      0.489880E+21      0.489880E+21         0.103659E+23
    -8.397   122.392     2.692   273.6    64.1    47.4  32.9          0      0.489880E+21      0.489880E+21      0.489880E+21      0.489880E+21         0.103659E+23
    -8.384   122.184     2.692   273.6    64.1    47.4  26.3          0      0.489880E+21      0.489880E+21      0.489880E+21      0.489880E+21         0.103659E+23
    -8.372   121.975     2.692   273.6    64.1    47.4  19.8          0      0.489880E+21      0.489880E+21      0.489880E+21      0.489880E+21         0.103659E+23
    -8.359   121.767     2.692   273.6    64.1    94.2  41.7        207      0.183540E+25      0.480310E+25      0.254210E+25      0.410050E+25         0.702570E+26
    -8.346   121.559     2.692   273.6    64.1   103.5   6.9        381      0.123550E+26      0.566860E+25      0.337700E+25      0.306450E+25         0.129420E+27
    -8.333   121.351     2.692   273.6    64.1    79.3   5.4        523      0.234540E+26      0.340180E+25      0.434310E+25      0.231090E+25         0.177267E+27
    -8.320   121.142     2.692   273.6    64.1   121.7   7.8        378      0.569280E+25      0.701220E+25      0.809160E+25      0.345910E+25         0.128313E+27
    -8.307   120.934     2.692   273.6    64.1   127.1  39.4        383      0.535990E+25      0.767980E+25      0.288550E+25      0.862100E+25         0.129849E+27
    -8.295   120.726     2.692   273.6    64.1   122.6  38.0        369      0.113940E+26      0.101470E+24      0.782240E+25      0.431930E+25         0.125041E+27
    -8.282   120.517     2.692   273.6    64.1    62.6  35.4        289      0.134960E+26      0.117460E+24      0.300210E+25      0.193880E+25         0.981526E+26
    -8.269   120.309     2.692   273.6    64.1    77.1  40.7        109      0.180360E+25      0.322820E+25      0.166610E+25      0.305760E+24         0.370494E+26
    -8.256   120.101     2.692   273.6    64.1    47.4  39.5          0      0.489880E+21      0.489880E+21      0.489880E+21      0.489880E+21         0.103659E+23
    -8.243   119.892     2.692   273.6    64.1    47.4  41.9          0      0.489880E+21      0.489880E+21      0.489880E+21      0.489880E+21         0.103659E+23
