 RECTANGULAR fault MODEL

All subfaults are  23.0 km long along strike and
 12.1 km wide along dip

Model length along strike is  345.0 km

Model width along dip is   60.5 km

 Corners of the rectangular dislocation model (lat, lon):
    -8.218   119.783 : corner 1
    -8.110   122.911 : corner 2
    -8.598   122.928 : corner 3
    -8.706   119.800 : corner 4


 Number of elementary moment rate
 isoceles triangular functions
 per subfault:            4

 Half duration of elementary moment rate
 isoceles triangular functions (s):    5.28999996    

 seismic moment rate unit: dyne.cm
 (1 dyne.cm = 10E-7 N.m)


 Seismic moment is converted into slip
 using a single constant value for the
shear modulus mu of  0.250E+12 dyne/cm2
 assumed to be constant and characteristic
 of the fault shear zone


 "Lat, lon, depth" below are the coord                          in degrees of the subfaults centers

 "rake" (degrees) is the slip angle (Aki"s convention,
 e.g. rake=+45 means left-lateral-reverse movement.

 "ontime" is the rupture onset time in seconds of the subfault.

 amp1, amp2, amp3 and amp4 are the amplitudes
 of the isoceles triangular functions representing
 the moment rate function. Triangles are
 overlapping each other by half

 ************************************************
 Total seismic moment M0=    5.06715768E+27  dyne.cm
 ************************************************

 ================================================

      Lat     Lon      depth(km) strike    dip    rake  ontime       slip(cm)  amp1(dyne.cm/s) amp2(dyne.cm/s) amp3(dyne.cm/s)         	amp4(dyne.cm/s)       M0_subf

    -8.310   121.352     8.000    88.0    26.0    66.9   0.0        455      0.196190E+26      0.227440E+26      0.162070E+26      0.130240E+25         0.316725E+27 : hypocenter
    -8.646   120.111    23.913    88.0    26.0    40.0  40.8          0      0.100470E+22      0.100470E+22      0.100470E+22      0.100470E+22         0.212595E+23
    -8.639   120.319    23.913    88.0    26.0    72.9  41.2        130      0.134010E+26      0.286110E+25      0.334360E+24      0.480370E+24         0.903364E+26
    -8.632   120.528    23.913    88.0    26.0    86.8  32.9         87      0.643340E+25      0.255660E+25      0.128840E+25      0.110300E+25         0.602076E+26
    -8.624   120.737    23.913    88.0    26.0    88.2  27.6        110      0.107270E+26      0.234090E+25      0.114150E+24      0.134520E+25         0.768491E+26
    -8.617   120.945    23.913    88.0    26.0    69.9  18.8        176      0.175690E+26      0.273260E+25      0.254980E+24      0.264390E+25         0.122731E+27
    -8.610   121.154    23.913    88.0    26.0    80.2  17.1        111      0.659050E+25      0.681630E+25      0.292860E+24      0.916160E+24         0.773177E+26
    -8.603   121.362    23.913    88.0    26.0   110.1  24.8        109      0.118120E+24      0.230260E+25      0.371170E+25      0.822370E+25         0.759439E+26
    -8.596   121.571    23.913    88.0    26.0   104.1  17.3         75      0.362410E+25      0.854330E+24      0.270970E+25      0.269420E+25         0.522775E+26
    -8.588   121.779    23.913    88.0    26.0    40.0  16.7          0      0.100470E+22      0.100470E+22      0.100470E+22      0.100470E+22         0.212595E+23
    -8.581   121.988    23.913    88.0    26.0    40.0  22.3          0      0.100470E+22      0.100470E+22      0.100470E+22      0.100470E+22         0.212595E+23
    -8.574   122.197    23.913    88.0    26.0    40.0  28.3          0      0.100470E+22      0.100470E+22      0.100470E+22      0.100470E+22         0.212595E+23
    -8.567   122.405    23.913    88.0    26.0    40.0  34.5          0      0.100470E+22      0.100470E+22      0.100470E+22      0.100470E+22         0.212595E+23
    -8.560   122.614    23.913    88.0    26.0   107.1  41.2         48      0.141560E+25      0.367600E+24      0.121640E+25      0.326580E+25         0.331440E+26
    -8.552   122.822    23.913    88.0    26.0    40.0  41.9          0      0.100470E+22      0.100470E+22      0.100470E+22      0.100470E+22         0.212595E+23
    -8.556   119.899    18.609    88.0    26.0    40.0  41.9          0      0.100470E+22      0.100470E+22      0.100470E+22      0.100470E+22         0.212595E+23
    -8.548   120.107    18.609    88.0    26.0    40.0  40.0          0      0.100470E+22      0.100470E+22      0.100470E+22      0.100470E+22         0.212595E+23
    -8.541   120.316    18.609    88.0    26.0    60.5  39.7         95      0.573480E+25      0.569270E+25      0.117470E+24      0.938740E+24         0.660388E+26
    -8.534   120.525    18.609    88.0    26.0    73.6  32.9        155      0.685760E+25      0.809250E+25      0.335780E+25      0.209610E+25         0.107937E+27
    -8.527   120.733    18.609    88.0    26.0    95.1  27.6        145      0.130000E+26      0.160170E+25      0.335220E+25      0.109430E+25         0.100765E+27
    -8.520   120.942    18.609    88.0    26.0    75.5  18.2        157      0.789210E+25      0.510230E+25      0.164950E+25      0.598110E+25         0.109106E+27
    -8.512   121.150    18.609    88.0    26.0    41.4  30.1        153      0.694220E+25      0.819020E+25      0.877670E+24      0.416780E+25         0.106741E+27
    -8.505   121.359    18.609    88.0    26.0    78.4   8.1        233      0.161190E+26      0.130710E+26      0.179100E+24      0.131550E+25         0.162322E+27
    -8.498   121.567    18.609    88.0    26.0   129.7  17.6        127      0.758750E+25      0.835090E+24      0.314250E+25      0.517660E+25         0.885635E+26
    -8.491   121.776    18.609    88.0    26.0    40.0  14.9          0      0.100470E+22      0.100470E+22      0.100470E+22      0.100470E+22         0.212595E+23
    -8.484   121.985    18.609    88.0    26.0    40.0  20.9          0      0.100470E+22      0.100470E+22      0.100470E+22      0.100470E+22         0.212595E+23
    -8.476   122.193    18.609    88.0    26.0    40.0  27.2          0      0.100470E+22      0.100470E+22      0.100470E+22      0.100470E+22         0.212595E+23
    -8.469   122.402    18.609    88.0    26.0    40.0  33.6          0      0.100470E+22      0.100470E+22      0.100470E+22      0.100470E+22         0.212595E+23
    -8.462   122.610    18.609    88.0    26.0   102.9  40.3         49      0.145900E+24      0.315420E+25      0.163540E+24      0.291580E+25         0.337472E+26
    -8.455   122.819    18.609    88.0    26.0    40.0  41.9          0      0.100470E+22      0.100470E+22      0.100470E+22      0.100470E+22         0.212595E+23
    -8.458   119.895    13.304    88.0    26.0    40.0  41.9          0      0.100470E+22      0.100470E+22      0.100470E+22      0.100470E+22         0.212595E+23
    -8.451   120.104    13.304    88.0    26.0    40.0  39.6          0      0.100470E+22      0.100470E+22      0.100470E+22      0.100470E+22         0.212595E+23
    -8.444   120.313    13.304    88.0    26.0    69.5  34.1        102      0.829720E+25      0.434220E+25      0.174180E+24      0.647460E+24         0.712089E+26
    -8.436   120.521    13.304    88.0    26.0    96.2  30.3        177      0.123790E+26      0.953150E+25      0.172900E+24      0.121230E+25         0.123234E+27
    -8.429   120.730    13.304    88.0    26.0    71.0  24.8        209      0.953230E+25      0.170110E+26      0.395130E+24      0.605420E+24         0.145707E+27
    -8.422   120.938    13.304    88.0    26.0    72.2  36.6        196      0.594330E+25      0.834940E+25      0.399150E+25      0.755540E+25         0.136691E+27
    -8.415   121.147    13.304    88.0    26.0    93.3  14.3        272      0.297790E+26      0.685660E+24      0.521010E+25      0.131010E+24         0.189413E+27
    -8.408   121.355    13.304    88.0    26.0   108.6   7.7        404      0.517210E+26      0.692390E+24      0.136640E+24      0.586560E+24         0.281093E+27
    -8.400   121.564    13.304    88.0    26.0   116.5  16.2        180      0.137880E+26      0.662490E+25      0.152590E+24      0.313240E+25         0.125362E+27
    -8.393   121.773    13.304    88.0    26.0    40.0  13.6          0      0.100470E+22      0.100470E+22      0.100470E+22      0.100470E+22         0.212595E+23
    -8.386   121.981    13.304    88.0    26.0    40.0  20.0          0      0.100470E+22      0.100470E+22      0.100470E+22      0.100470E+22         0.212595E+23
    -8.379   122.190    13.304    88.0    26.0    40.0  26.5          0      0.100470E+22      0.100470E+22      0.100470E+22      0.100470E+22         0.212595E+23
    -8.372   122.398    13.304    88.0    26.0    40.0  33.0          0      0.100470E+22      0.100470E+22      0.100470E+22      0.100470E+22         0.212595E+23
    -8.364   122.607    13.304    88.0    26.0   112.3  39.7         79      0.127270E+25      0.478040E+25      0.886860E+24      0.342680E+25         0.548402E+26
    -8.357   122.815    13.304    88.0    26.0    40.0  41.9          0      0.100470E+22      0.100470E+22      0.100470E+22      0.100470E+22         0.212595E+23
    -8.360   119.892     8.000    88.0    26.0    40.0  41.9          0      0.100470E+22      0.100470E+22      0.100470E+22      0.100470E+22         0.212595E+23
    -8.353   120.101     8.000    88.0    26.0    40.0  39.4          0      0.100470E+22      0.100470E+22      0.100470E+22      0.100470E+22         0.212595E+23
    -8.346   120.309     8.000    88.0    26.0    58.6  35.4        120      0.353720E+25      0.759480E+25      0.157430E+24      0.449930E+25         0.835224E+26
    -8.339   120.518     8.000    88.0    26.0    82.5  32.8        254      0.143830E+26      0.108450E+26      0.807230E+25      0.154270E+24         0.176975E+27
    -8.332   120.726     8.000    88.0    26.0   102.8  22.3        214      0.115550E+26      0.936140E+25      0.187180E+25      0.529590E+25         0.148565E+27
    -8.324   120.935     8.000    88.0    26.0    97.5  31.2        199      0.107770E+26      0.263470E+25      0.312450E+25      0.960640E+25         0.138294E+27
    -8.317   121.143     8.000    88.0    26.0    91.4   8.4        277      0.995490E+25      0.170830E+26      0.260060E+25      0.684430E+25         0.192994E+27
    -8.653   119.902    23.913    88.0    26.0    40.0  41.9          0      0.100470E+22      0.100470E+22      0.100470E+22      0.100470E+22         0.212595E+23
    -8.303   121.561     8.000    88.0    26.0   129.8  21.5        177      0.673380E+25      0.415370E+25      0.376480E+25      0.861080E+25         0.123062E+27
    -8.296   121.769     8.000    88.0    26.0    40.0  13.1          0      0.100470E+22      0.100470E+22      0.100470E+22      0.100470E+22         0.212595E+23
    -8.288   121.978     8.000    88.0    26.0    40.0  19.7          0      0.100470E+22      0.100470E+22      0.100470E+22      0.100470E+22         0.212595E+23
    -8.281   122.186     8.000    88.0    26.0    40.0  26.3          0      0.100470E+22      0.100470E+22      0.100470E+22      0.100470E+22         0.212595E+23
    -8.274   122.395     8.000    88.0    26.0    40.0  32.9          0      0.100470E+22      0.100470E+22      0.100470E+22      0.100470E+22         0.212595E+23
    -8.267   122.603     8.000    88.0    26.0   128.5  40.6         76      0.756520E+25      0.567090E+24      0.176300E+25      0.127920E+24         0.530228E+26
    -8.260   122.812     8.000    88.0    26.0    40.0  41.9          0      0.100470E+22      0.100470E+22      0.100470E+22      0.100470E+22         0.212595E+23
    -8.263   119.889     2.696    88.0    26.0    40.0  41.9          0      0.100470E+22      0.100470E+22      0.100470E+22      0.100470E+22         0.212595E+23
    -8.256   120.097     2.696    88.0    26.0    40.0  39.6          0      0.100470E+22      0.100470E+22      0.100470E+22      0.100470E+22         0.212595E+23
    -8.248   120.306     2.696    88.0    26.0   106.8  34.2        169      0.129460E+26      0.628520E+25      0.265850E+25      0.316680E+24         0.117472E+27
    -8.241   120.514     2.696    88.0    26.0   108.8  29.4        264      0.248500E+26      0.903150E+25      0.361580E+24      0.455400E+24         0.183555E+27
    -8.234   120.723     2.696    88.0    26.0    85.6  22.3        289      0.182050E+26      0.153250E+26      0.409390E+25      0.330100E+24         0.200777E+27
    -8.227   120.931     2.696    88.0    26.0   103.7  14.4        225      0.899350E+25      0.141000E+26      0.909640E+24      0.557210E+25         0.156453E+27
    -8.220   121.140     2.696    88.0    26.0    72.5  11.8        439      0.588270E+25      0.398910E+26      0.114160E+26      0.562190E+24         0.305508E+27
    -8.212   121.349     2.696    88.0    26.0   106.7   6.5        284      0.232610E+26      0.104990E+25      0.970850E+25      0.327270E+25         0.197275E+27
    -8.205   121.557     2.696    88.0    26.0    77.7  17.0        236      0.197750E+26      0.278670E+25      0.770330E+25      0.793120E+24         0.164297E+27
    -8.198   121.766     2.696    88.0    26.0    40.0  13.6          0      0.100470E+22      0.100470E+22      0.100470E+22      0.100470E+22         0.212595E+23
    -8.191   121.974     2.696    88.0    26.0    40.0  20.0          0      0.100470E+22      0.100470E+22      0.100470E+22      0.100470E+22         0.212595E+23
    -8.184   122.183     2.696    88.0    26.0    40.0  26.5          0      0.100470E+22      0.100470E+22      0.100470E+22      0.100470E+22         0.212595E+23
    -8.176   122.391     2.696    88.0    26.0    40.0  33.0          0      0.100470E+22      0.100470E+22      0.100470E+22      0.100470E+22         0.212595E+23
    -8.169   122.600     2.696    88.0    26.0   110.5  40.7         23      0.919300E+24      0.459560E+24      0.709900E+24      0.999480E+24         0.163368E+26
    -8.162   122.809     2.696    88.0    26.0    40.0  41.9          0      0.100470E+22      0.100470E+22      0.100470E+22      0.100470E+22         0.212595E+23
