2.0
#
# http://equake-rc.info/static/paper/SRF-Description-Graves_2.0.pdf
# RECTANGULAR fault MODEL
#
# All subfaults are  23.0 km long along strike and
#   5.9 km wide along dip
#
# Model length along strike is  345.0 km
#
# Model width along dip is   29.5 km
#
# Corners of the rectangular dislocation model (lat, lon):
#     -8.698   122.868 : corner 1
#     -7.989   119.820 : corner 2
#     -7.878   119.847 : corner 3
#     -8.586   122.894 : corner 4
#
#
# Number of elementary sliprate
# isoceles triangular functions
# per subfault:   4
#
# Half duration of elementary sliprate
# isoceles triangular functions (s):   5.29
# Triangles are overlapping each other by half
#
# slip rate unit: cm/s
#
#
# Seismic moment is converted into slip
# using a single constant value for the
# shear modulus mu of  0.250E+12 dyne/cm2
# assumed to be constant and characteristic
# of the fault shear zone
#
#
#
# "rake" (degrees) is the slip angle (Aki"s convention,
# e.g. rake=+45 means left-lateral-reverse movement.
#
#
# ************************************************
# Total seismic moment M0=  0.476E+28 dyne.cm
# ************************************************
#
#
PLANE 1
 121.34399    -8.34350   15    5   345.000    29.500
283.22  64.41     0.018     0.000     8.850
POINTS   75
 121.35200    -8.31000     8.000  283.22  64.41  0.1357E+13    0.00   5.29  -1  -1   102.47   550  4   0.0  0   0.0  0
       4.9        96.3         1.2         1.6
 122.58690    -8.52662    23.963  283.22  64.41  0.1357E+13   39.75   5.29  -1  -1    59.12     0  4   0.0  0   0.0  0
       0.0         0.0         0.0         0.0
 122.38373    -8.47937    23.963  283.22  64.41  0.1357E+13   33.91   5.29  -1  -1   112.97    71  4   0.0  0   0.0  0
       4.8         1.5         3.3         3.9
 122.18056    -8.43213    23.963  283.22  64.41  0.1357E+13   26.77   5.29  -1  -1    59.12     0  4   0.0  0   0.0  0
       0.0         0.0         0.0         0.0
 121.97738    -8.38489    23.963  283.22  64.41  0.1357E+13   20.35   5.29  -1  -1    59.12     0  4   0.0  0   0.0  0
       0.0         0.0         0.0         0.0
 121.77421    -8.33765    23.963  283.22  64.41  0.1357E+13   22.29   5.29  -1  -1   106.99   128  4   0.0  0   0.0  0
      15.6         6.1         1.7         0.6
 121.57104    -8.29041    23.963  283.22  64.41  0.1357E+13   13.81   5.29  -1  -1    85.98   212  4   0.0  0   0.0  0
      24.4         1.5        10.1         4.1
 121.36787    -8.24317    23.963  283.22  64.41  0.1357E+13    6.50   5.29  -1  -1    98.89   375  4   0.0  0   0.0  0
      36.2         5.9        17.4        11.4
 121.16470    -8.19593    23.963  283.22  64.41  0.1357E+13   18.87   5.29  -1  -1    88.65   482  4   0.0  0   0.0  0
      78.8        12.0         0.2         0.2
 120.96152    -8.14869    23.963  283.22  64.41  0.1357E+13   22.29   5.29  -1  -1    79.16   407  4   0.0  0   0.0  0
      38.2        32.1         6.5         0.2
 120.75835    -8.10145    23.963  283.22  64.41  0.1357E+13   23.73   5.29  -1  -1   119.07   436  4   0.0  0   0.0  0
      45.7        11.1        15.9         9.7
 120.55518    -8.05421    23.963  283.22  64.41  0.1357E+13   32.79   5.29  -1  -1    87.87   429  4   0.0  0   0.0  0
      54.5        12.0        14.4         0.2
 120.35201    -8.00696    23.963  283.22  64.41  0.1357E+13   33.24   5.29  -1  -1    59.12     0  4   0.0  0   0.0  0
       0.0         0.0         0.0         0.0
 120.14884    -7.95972    23.963  283.22  64.41  0.1357E+13   41.76   5.29  -1  -1    70.82   158  4   0.0  0   0.0  0
      19.2         0.4        10.1         0.2
 119.94567    -7.91248    23.963  283.22  64.41  0.1357E+13   41.89   5.29  -1  -1    59.12     0  4   0.0  0   0.0  0
       0.0         0.0         0.0         0.0
 122.78477    -8.59613    18.642  283.22  64.41  0.1357E+13   41.89   5.29  -1  -1   109.20    84  4   0.0  0   0.0  0
       0.2         5.6         0.2         9.8
 122.58160    -8.54889    18.642  283.22  64.41  0.1357E+13   39.57   5.29  -1  -1    59.12     0  4   0.0  0   0.0  0
       0.0         0.0         0.0         0.0
 122.37843    -8.50165    18.642  283.22  64.41  0.1357E+13   36.99   5.29  -1  -1   146.42    61  4   0.0  0   0.0  0
       4.6         0.5         3.4         3.0
 122.17526    -8.45441    18.642  283.22  64.41  0.1357E+13   26.50   5.29  -1  -1    59.12     0  4   0.0  0   0.0  0
       0.0         0.0         0.0         0.0
 121.97209    -8.40717    18.642  283.22  64.41  0.1357E+13   20.00   5.29  -1  -1    59.12     0  4   0.0  0   0.0  0
       0.0         0.0         0.0         0.0
 121.76892    -8.35993    18.642  283.22  64.41  0.1357E+13   22.41   5.29  -1  -1   122.52   126  4   0.0  0   0.0  0
      11.6         2.3         5.8         4.1
 121.56575    -8.31269    18.642  283.22  64.41  0.1357E+13    7.87   5.29  -1  -1    83.93   197  4   0.0  0   0.0  0
      10.3        20.4         4.3         2.3
 121.36258    -8.26545    18.642  283.22  64.41  0.1357E+13    7.85   5.29  -1  -1    96.18   465  4   0.0  0   0.0  0
      75.1         2.9         9.6         0.3
 121.15941    -8.21821    18.642  283.22  64.41  0.1357E+13   11.85   5.29  -1  -1   102.87   373  4   0.0  0   0.0  0
      23.7         6.7        21.2        18.9
 120.95624    -8.17096    18.642  283.22  64.41  0.1357E+13   16.94   5.29  -1  -1    98.65   402  4   0.0  0   0.0  0
      36.8         3.6        23.0        12.7
 120.75307    -8.12372    18.642  283.22  64.41  0.1357E+13   22.37   5.29  -1  -1   133.05   423  4   0.0  0   0.0  0
      14.3        37.8         0.5        27.4
 120.54990    -8.07648    18.642  283.22  64.41  0.1357E+13   28.92   5.29  -1  -1    99.18   357  4   0.0  0   0.0  0
      30.4        20.8         7.5         8.7
 120.34672    -8.02924    18.642  283.22  64.41  0.1357E+13   33.03   5.29  -1  -1    59.12     0  4   0.0  0   0.0  0
       0.0         0.0         0.0         0.0
 120.14355    -7.98200    18.642  283.22  64.41  0.1357E+13   41.82   5.29  -1  -1    64.90   123  4   0.0  0   0.0  0
      14.5         1.8         6.7         0.2
 119.94038    -7.93476    18.642  283.22  64.41  0.1357E+13   41.89   5.29  -1  -1    59.12     0  4   0.0  0   0.0  0
       0.0         0.0         0.0         0.0
 122.77949    -8.61841    13.321  283.22  64.41  0.1357E+13   41.89   5.29  -1  -1   141.89   155  4   0.0  0   0.0  0
       0.5        12.2         0.2        16.5
 122.57632    -8.57117    13.321  283.22  64.41  0.1357E+13   39.47   5.29  -1  -1    59.12     0  4   0.0  0   0.0  0
       0.0         0.0         0.0         0.0
 122.37315    -8.52393    13.321  283.22  64.41  0.1357E+13   37.99   5.29  -1  -1   141.28    73  4   0.0  0   0.0  0
       5.0         2.0         4.7         2.0
 122.16998    -8.47669    13.321  283.22  64.41  0.1357E+13   26.34   5.29  -1  -1    59.12     0  4   0.0  0   0.0  0
       0.0         0.0         0.0         0.0
 121.96680    -8.42945    13.321  283.22  64.41  0.1357E+13   19.79   5.29  -1  -1    59.12     0  4   0.0  0   0.0  0
       0.0         0.0         0.0         0.0
 121.76363    -8.38221    13.321  283.22  64.41  0.1357E+13   41.76   5.29  -1  -1   102.71   227  4   0.0  0   0.0  0
      15.7        25.9         0.3         0.9
 121.56046    -8.33496    13.321  283.22  64.41  0.1357E+13   21.60   5.29  -1  -1   117.56   304  4   0.0  0   0.0  0
       4.5        22.7        12.4        18.0
 121.35728    -8.28772    13.321  283.22  64.41  0.1357E+13    5.39   5.29  -1  -1    87.31   534  4   0.0  0   0.0  0
      74.0        12.8        12.4         1.7
 121.15411    -8.24048    13.321  283.22  64.41  0.1357E+13   11.84   5.29  -1  -1    83.32   455  4   0.0  0   0.0  0
      33.5        37.2        10.9         4.4
 120.95094    -8.19324    13.321  283.22  64.41  0.1357E+13   17.17   5.29  -1  -1   106.65   412  4   0.0  0   0.0  0
      40.8        14.2        21.7         1.2
 120.74777    -8.14600    13.321  283.22  64.41  0.1357E+13   25.50   5.29  -1  -1    91.99   466  4   0.0  0   0.0  0
      52.9        26.8         0.4         7.8
 120.54460    -8.09876    13.321  283.22  64.41  0.1357E+13   28.11   5.29  -1  -1    78.35   358  4   0.0  0   0.0  0
      24.2         9.6        10.1        23.6
 120.34143    -8.05152    13.321  283.22  64.41  0.1357E+13   32.90   5.29  -1  -1    59.12     0  4   0.0  0   0.0  0
       0.0         0.0         0.0         0.0
 120.13826    -8.00428    13.321  283.22  64.41  0.1357E+13   41.81   5.29  -1  -1    83.18    95  4   0.0  0   0.0  0
      14.6         0.2         2.9         0.2
 119.93509    -7.95704    13.321  283.22  64.41  0.1357E+13   41.89   5.29  -1  -1    59.12     0  4   0.0  0   0.0  0
       0.0         0.0         0.0         0.0
 122.77419    -8.64069     8.000  283.22  64.41  0.1357E+13   41.89   5.29  -1  -1    97.85    67  4   0.0  0   0.0  0
       3.1         6.3         2.6         0.7
 122.57102    -8.59345     8.000  283.22  64.41  0.1357E+13   39.43   5.29  -1  -1    59.12     0  4   0.0  0   0.0  0
       0.0         0.0         0.0         0.0
 122.36785    -8.54621     8.000  283.22  64.41  0.1357E+13   34.01   5.29  -1  -1   145.63    97  4   0.0  0   0.0  0
       4.9         7.7         1.2         4.5
 122.16468    -8.49896     8.000  283.22  64.41  0.1357E+13   26.29   5.29  -1  -1    59.12     0  4   0.0  0   0.0  0
       0.0         0.0         0.0         0.0
 121.96151    -8.45172     8.000  283.22  64.41  0.1357E+13   19.71   5.29  -1  -1    59.12     0  4   0.0  0   0.0  0
       0.0         0.0         0.0         0.0
 121.75834    -8.40448     8.000  283.22  64.41  0.1357E+13   22.23   5.29  -1  -1    96.97   216  4   0.0  0   0.0  0
      21.9        13.8         3.7         1.5
 121.55517    -8.35724     8.000  283.22  64.41  0.1357E+13   12.29   5.29  -1  -1   123.33   364  4   0.0  0   0.0  0
       5.9        33.2        13.7        16.0
 122.79007    -8.57386    23.963  283.22  64.41  0.1357E+13   41.89   5.29  -1  -1    67.48   132  4   0.0  0   0.0  0
       0.4         3.3         0.2        21.1
 121.14883    -8.26276     8.000  283.22  64.41  0.1357E+13   11.92   5.29  -1  -1   115.22   418  4   0.0  0   0.0  0
      38.3        29.8         6.6         4.3
 120.94566    -8.21552     8.000  283.22  64.41  0.1357E+13   27.53   5.29  -1  -1    74.66   398  4   0.0  0   0.0  0
      35.3        17.6         1.8        20.5
 120.74249    -8.16828     8.000  283.22  64.41  0.1357E+13   27.49   5.29  -1  -1   103.04   355  4   0.0  0   0.0  0
      36.9        13.7        13.3         3.1
 120.53931    -8.12104     8.000  283.22  64.41  0.1357E+13   41.50   5.29  -1  -1   107.24   274  4   0.0  0   0.0  0
      15.8        23.3         5.6         7.2
 120.33614    -8.07380     8.000  283.22  64.41  0.1357E+13   32.86   5.29  -1  -1    59.12     0  4   0.0  0   0.0  0
       0.0         0.0         0.0         0.0
 120.13297    -8.02656     8.000  283.22  64.41  0.1357E+13   41.88   5.29  -1  -1    89.28    79  4   0.0  0   0.0  0
      13.9         0.2         0.2         0.7
 119.92980    -7.97931     8.000  283.22  64.41  0.1357E+13   41.89   5.29  -1  -1    59.12     0  4   0.0  0   0.0  0
       0.0         0.0         0.0         0.0
 122.76891    -8.66296     2.679  283.22  64.41  0.1357E+13   41.89   5.29  -1  -1   111.25   102  4   0.0  0   0.0  0
       6.9        10.9         1.3         0.2
 122.56573    -8.61572     2.679  283.22  64.41  0.1357E+13   39.47   5.29  -1  -1    59.12     0  4   0.0  0   0.0  0
       0.0         0.0         0.0         0.0
 122.36256    -8.56848     2.679  283.22  64.41  0.1357E+13   36.62   5.29  -1  -1   135.18    71  4   0.0  0   0.0  0
       0.8         2.1         0.7         9.8
 122.15939    -8.52124     2.679  283.22  64.41  0.1357E+13   26.34   5.29  -1  -1    59.12     0  4   0.0  0   0.0  0
       0.0         0.0         0.0         0.0
 121.95622    -8.47400     2.679  283.22  64.41  0.1357E+13   19.79   5.29  -1  -1    59.12     0  4   0.0  0   0.0  0
       0.0         0.0         0.0         0.0
 121.75305    -8.42676     2.679  283.22  64.41  0.1357E+13   22.42   5.29  -1  -1   105.63   266  4   0.0  0   0.0  0
      23.2        17.7         0.2         9.1
 121.54988    -8.37952     2.679  283.22  64.41  0.1357E+13   18.30   5.29  -1  -1    99.11   367  4   0.0  0   0.0  0
       9.9        23.3        30.6         5.7
 121.34671    -8.33228     2.679  283.22  64.41  0.1357E+13    2.35   5.29  -1  -1   110.89   434  4   0.0  0   0.0  0
      57.7         4.9        12.0         7.3
 121.14354    -8.28504     2.679  283.22  64.41  0.1357E+13   18.51   5.29  -1  -1    74.92   442  4   0.0  0   0.0  0
      55.7        24.2         1.3         2.5
 120.94036    -8.23780     2.679  283.22  64.41  0.1357E+13   41.83   5.29  -1  -1   102.37   342  4   0.0  0   0.0  0
      26.4        17.4         2.9        17.9
 120.73719    -8.19055     2.679  283.22  64.41  0.1357E+13   20.40   5.29  -1  -1   125.10   309  4   0.0  0   0.0  0
      16.1        24.0         9.3         8.9
 120.53402    -8.14331     2.679  283.22  64.41  0.1357E+13   31.45   5.29  -1  -1   115.08   259  4   0.0  0   0.0  0
      31.9         2.5        11.0         3.6
 120.33085    -8.09607     2.679  283.22  64.41  0.1357E+13   32.90   5.29  -1  -1    59.12     0  4   0.0  0   0.0  0
       0.0         0.0         0.0         0.0
 120.12768    -8.04883     2.679  283.22  64.41  0.1357E+13   39.56   5.29  -1  -1    60.96    90  4   0.0  0   0.0  0
       0.6         2.1         0.2        14.1
 119.92451    -8.00159     2.679  283.22  64.41  0.1357E+13   41.89   5.29  -1  -1    59.12     0  4   0.0  0   0.0  0
       0.0         0.0         0.0         0.0
