2.0
#
# http://equake-rc.info/static/paper/SRF-Description-Graves_2.0.pdf
# RECTANGULAR fault MODEL
#
# All subfaults are  23.0 km long along strike and
#  12.1 km wide along dip
#
# Model length along strike is  345.0 km
#
# Model width along dip is   60.5 km
#
# Corners of the rectangular dislocation model (lat, lon):
#     -8.218   119.783 : corner 1
#     -8.110   122.911 : corner 2
#     -8.598   122.928 : corner 3
#     -8.706   119.800 : corner 4
#
#
# Number of elementary sliprate
# isoceles triangular functions
# per subfault:   4
#
# Half duration of elementary sliprate
# isoceles triangular functions (s):   5.29
# Triangles are overlapping each other by half
#
# slip rate unit: cm/s
#
#
# Seismic moment is converted into slip
# using a single constant value for the
# shear modulus mu of  0.250E+12 dyne/cm2
# assumed to be constant and characteristic
# of the fault shear zone
#
#
#
# "rake" (degrees) is the slip angle (Aki"s convention,
# e.g. rake=+45 means left-lateral-reverse movement.
#
#
# ************************************************
# Total seismic moment M0=  0.507E+28 dyne.cm
# ************************************************
#
#
PLANE 1
 121.34700    -8.16400   15    5   345.000    60.500
 88.00  26.00     0.044     0.000    18.147
POINTS   75
 121.35200    -8.31000     8.000   88.00  26.00  0.2783E+13    0.00   5.29  -1  -1    66.93   455  4   0.0  0   0.0  0
      28.2        32.7        23.3         1.9
 120.11086    -8.64601    23.913   88.00  26.00  0.2783E+13   40.77   5.29  -1  -1    40.00     0  4   0.0  0   0.0  0
       0.0         0.0         0.0         0.0
 120.31944    -8.63880    23.913   88.00  26.00  0.2783E+13   41.18   5.29  -1  -1    72.93   130  4   0.0  0   0.0  0
      19.3         4.1         0.5         0.7
 120.52802    -8.63160    23.913   88.00  26.00  0.2783E+13   32.90   5.29  -1  -1    86.79    87  4   0.0  0   0.0  0
       9.2         3.7         1.9         1.6
 120.73660    -8.62439    23.913   88.00  26.00  0.2783E+13   27.58   5.29  -1  -1    88.20   110  4   0.0  0   0.0  0
      15.4         3.4         0.2         1.9
 120.94518    -8.61718    23.913   88.00  26.00  0.2783E+13   18.81   5.29  -1  -1    69.86   176  4   0.0  0   0.0  0
      25.3         3.9         0.4         3.8
 121.15376    -8.60998    23.913   88.00  26.00  0.2783E+13   17.08   5.29  -1  -1    80.23   111  4   0.0  0   0.0  0
       9.5         9.8         0.4         1.3
 121.36233    -8.60277    23.913   88.00  26.00  0.2783E+13   24.84   5.29  -1  -1   110.05   109  4   0.0  0   0.0  0
       0.2         3.3         5.3        11.8
 121.57091    -8.59556    23.913   88.00  26.00  0.2783E+13   17.30   5.29  -1  -1   104.06    75  4   0.0  0   0.0  0
       5.2         1.2         3.9         3.9
 121.77949    -8.58835    23.913   88.00  26.00  0.2783E+13   16.74   5.29  -1  -1    40.00     0  4   0.0  0   0.0  0
       0.0         0.0         0.0         0.0
 121.98807    -8.58115    23.913   88.00  26.00  0.2783E+13   22.28   5.29  -1  -1    40.00     0  4   0.0  0   0.0  0
       0.0         0.0         0.0         0.0
 122.19664    -8.57394    23.913   88.00  26.00  0.2783E+13   28.26   5.29  -1  -1    40.00     0  4   0.0  0   0.0  0
       0.0         0.0         0.0         0.0
 122.40522    -8.56673    23.913   88.00  26.00  0.2783E+13   34.46   5.29  -1  -1    40.00     0  4   0.0  0   0.0  0
       0.0         0.0         0.0         0.0
 122.61380    -8.55953    23.913   88.00  26.00  0.2783E+13   41.22   5.29  -1  -1   107.05    48  4   0.0  0   0.0  0
       2.0         0.5         1.7         4.7
 122.82238    -8.55232    23.913   88.00  26.00  0.2783E+13   41.89   5.29  -1  -1    40.00     0  4   0.0  0   0.0  0
       0.0         0.0         0.0         0.0
 119.89884    -8.55563    18.609   88.00  26.00  0.2783E+13   41.89   5.29  -1  -1    40.00     0  4   0.0  0   0.0  0
       0.0         0.0         0.0         0.0
 120.10741    -8.54842    18.609   88.00  26.00  0.2783E+13   40.03   5.29  -1  -1    40.00     0  4   0.0  0   0.0  0
       0.0         0.0         0.0         0.0
 120.31599    -8.54121    18.609   88.00  26.00  0.2783E+13   39.70   5.29  -1  -1    60.54    95  4   0.0  0   0.0  0
       8.2         8.2         0.2         1.3
 120.52457    -8.53401    18.609   88.00  26.00  0.2783E+13   32.87   5.29  -1  -1    73.61   155  4   0.0  0   0.0  0
       9.9        11.6         4.8         3.0
 120.73315    -8.52680    18.609   88.00  26.00  0.2783E+13   27.60   5.29  -1  -1    95.09   145  4   0.0  0   0.0  0
      18.7         2.3         4.8         1.6
 120.94173    -8.51959    18.609   88.00  26.00  0.2783E+13   18.16   5.29  -1  -1    75.52   157  4   0.0  0   0.0  0
      11.3         7.3         2.4         8.6
 121.15031    -8.51239    18.609   88.00  26.00  0.2783E+13   30.13   5.29  -1  -1    41.43   153  4   0.0  0   0.0  0
      10.0        11.8         1.3         6.0
 121.35889    -8.50518    18.609   88.00  26.00  0.2783E+13    8.13   5.29  -1  -1    78.39   233  4   0.0  0   0.0  0
      23.2        18.8         0.3         1.9
 121.56747    -8.49797    18.609   88.00  26.00  0.2783E+13   17.58   5.29  -1  -1   129.72   127  4   0.0  0   0.0  0
      10.9         1.2         4.5         7.4
 121.77604    -8.49076    18.609   88.00  26.00  0.2783E+13   14.85   5.29  -1  -1    40.00     0  4   0.0  0   0.0  0
       0.0         0.0         0.0         0.0
 121.98462    -8.48356    18.609   88.00  26.00  0.2783E+13   20.89   5.29  -1  -1    40.00     0  4   0.0  0   0.0  0
       0.0         0.0         0.0         0.0
 122.19320    -8.47635    18.609   88.00  26.00  0.2783E+13   27.18   5.29  -1  -1    40.00     0  4   0.0  0   0.0  0
       0.0         0.0         0.0         0.0
 122.40178    -8.46914    18.609   88.00  26.00  0.2783E+13   33.58   5.29  -1  -1    40.00     0  4   0.0  0   0.0  0
       0.0         0.0         0.0         0.0
 122.61035    -8.46194    18.609   88.00  26.00  0.2783E+13   40.34   5.29  -1  -1   102.87    49  4   0.0  0   0.0  0
       0.2         4.5         0.2         4.2
 122.81893    -8.45473    18.609   88.00  26.00  0.2783E+13   41.89   5.29  -1  -1    40.00     0  4   0.0  0   0.0  0
       0.0         0.0         0.0         0.0
 119.89539    -8.45804    13.304   88.00  26.00  0.2783E+13   41.89   5.29  -1  -1    40.00     0  4   0.0  0   0.0  0
       0.0         0.0         0.0         0.0
 120.10397    -8.45083    13.304   88.00  26.00  0.2783E+13   39.58   5.29  -1  -1    40.00     0  4   0.0  0   0.0  0
       0.0         0.0         0.0         0.0
 120.31255    -8.44363    13.304   88.00  26.00  0.2783E+13   34.11   5.29  -1  -1    69.51   102  4   0.0  0   0.0  0
      11.9         6.2         0.3         0.9
 120.52113    -8.43642    13.304   88.00  26.00  0.2783E+13   30.28   5.29  -1  -1    96.20   177  4   0.0  0   0.0  0
      17.8        13.7         0.2         1.7
 120.72971    -8.42921    13.304   88.00  26.00  0.2783E+13   24.80   5.29  -1  -1    70.95   209  4   0.0  0   0.0  0
      13.7        24.4         0.6         0.9
 120.93829    -8.42200    13.304   88.00  26.00  0.2783E+13   36.59   5.29  -1  -1    72.22   196  4   0.0  0   0.0  0
       8.5        12.0         5.7        10.9
 121.14687    -8.41480    13.304   88.00  26.00  0.2783E+13   14.31   5.29  -1  -1    93.30   272  4   0.0  0   0.0  0
      42.8         1.0         7.5         0.2
 121.35544    -8.40759    13.304   88.00  26.00  0.2783E+13    7.75   5.29  -1  -1   108.60   404  4   0.0  0   0.0  0
      74.3         1.0         0.2         0.8
 121.56402    -8.40038    13.304   88.00  26.00  0.2783E+13   16.19   5.29  -1  -1   116.54   180  4   0.0  0   0.0  0
      19.8         9.5         0.2         4.5
 121.77260    -8.39318    13.304   88.00  26.00  0.2783E+13   13.59   5.29  -1  -1    40.00     0  4   0.0  0   0.0  0
       0.0         0.0         0.0         0.0
 121.98118    -8.38597    13.304   88.00  26.00  0.2783E+13   20.01   5.29  -1  -1    40.00     0  4   0.0  0   0.0  0
       0.0         0.0         0.0         0.0
 122.18975    -8.37876    13.304   88.00  26.00  0.2783E+13   26.51   5.29  -1  -1    40.00     0  4   0.0  0   0.0  0
       0.0         0.0         0.0         0.0
 122.39833    -8.37155    13.304   88.00  26.00  0.2783E+13   33.04   5.29  -1  -1    40.00     0  4   0.0  0   0.0  0
       0.0         0.0         0.0         0.0
 122.60691    -8.36435    13.304   88.00  26.00  0.2783E+13   39.67   5.29  -1  -1   112.33    79  4   0.0  0   0.0  0
       1.8         6.9         1.3         4.9
 122.81549    -8.35714    13.304   88.00  26.00  0.2783E+13   41.89   5.29  -1  -1    40.00     0  4   0.0  0   0.0  0
       0.0         0.0         0.0         0.0
 119.89195    -8.36045     8.000   88.00  26.00  0.2783E+13   41.89   5.29  -1  -1    40.00     0  4   0.0  0   0.0  0
       0.0         0.0         0.0         0.0
 120.10052    -8.35324     8.000   88.00  26.00  0.2783E+13   39.43   5.29  -1  -1    40.00     0  4   0.0  0   0.0  0
       0.0         0.0         0.0         0.0
 120.30910    -8.34604     8.000   88.00  26.00  0.2783E+13   35.40   5.29  -1  -1    58.64   120  4   0.0  0   0.0  0
       5.1        10.9         0.2         6.5
 120.51768    -8.33883     8.000   88.00  26.00  0.2783E+13   32.82   5.29  -1  -1    82.48   254  4   0.0  0   0.0  0
      20.7        15.6        11.6         0.2
 120.72626    -8.33162     8.000   88.00  26.00  0.2783E+13   22.31   5.29  -1  -1   102.75   214  4   0.0  0   0.0  0
      16.6        13.5         2.7         7.6
 120.93484    -8.32442     8.000   88.00  26.00  0.2783E+13   31.16   5.29  -1  -1    97.51   199  4   0.0  0   0.0  0
      15.5         3.8         4.5        13.8
 121.14342    -8.31721     8.000   88.00  26.00  0.2783E+13    8.40   5.29  -1  -1    91.41   277  4   0.0  0   0.0  0
      14.3        24.6         3.7         9.8
 119.90228    -8.65322    23.913   88.00  26.00  0.2783E+13   41.89   5.29  -1  -1    40.00     0  4   0.0  0   0.0  0
       0.0         0.0         0.0         0.0
 121.56058    -8.30279     8.000   88.00  26.00  0.2783E+13   21.53   5.29  -1  -1   129.84   177  4   0.0  0   0.0  0
       9.7         6.0         5.4        12.4
 121.76916    -8.29559     8.000   88.00  26.00  0.2783E+13   13.14   5.29  -1  -1    40.00     0  4   0.0  0   0.0  0
       0.0         0.0         0.0         0.0
 121.97773    -8.28838     8.000   88.00  26.00  0.2783E+13   19.71   5.29  -1  -1    40.00     0  4   0.0  0   0.0  0
       0.0         0.0         0.0         0.0
 122.18631    -8.28117     8.000   88.00  26.00  0.2783E+13   26.29   5.29  -1  -1    40.00     0  4   0.0  0   0.0  0
       0.0         0.0         0.0         0.0
 122.39489    -8.27396     8.000   88.00  26.00  0.2783E+13   32.86   5.29  -1  -1    40.00     0  4   0.0  0   0.0  0
       0.0         0.0         0.0         0.0
 122.60347    -8.26676     8.000   88.00  26.00  0.2783E+13   40.62   5.29  -1  -1   128.46    76  4   0.0  0   0.0  0
      10.9         0.8         2.5         0.2
 122.81204    -8.25955     8.000   88.00  26.00  0.2783E+13   41.89   5.29  -1  -1    40.00     0  4   0.0  0   0.0  0
       0.0         0.0         0.0         0.0
 119.88850    -8.26286     2.696   88.00  26.00  0.2783E+13   41.89   5.29  -1  -1    40.00     0  4   0.0  0   0.0  0
       0.0         0.0         0.0         0.0
 120.09708    -8.25565     2.696   88.00  26.00  0.2783E+13   39.58   5.29  -1  -1    40.00     0  4   0.0  0   0.0  0
       0.0         0.0         0.0         0.0
 120.30566    -8.24845     2.696   88.00  26.00  0.2783E+13   34.23   5.29  -1  -1   106.84   169  4   0.0  0   0.0  0
      18.6         9.0         3.8         0.5
 120.51424    -8.24124     2.696   88.00  26.00  0.2783E+13   29.35   5.29  -1  -1   108.77   264  4   0.0  0   0.0  0
      35.7        13.0         0.5         0.7
 120.72282    -8.23403     2.696   88.00  26.00  0.2783E+13   22.31   5.29  -1  -1    85.65   289  4   0.0  0   0.0  0
      26.2        22.0         5.9         0.5
 120.93140    -8.22683     2.696   88.00  26.00  0.2783E+13   14.36   5.29  -1  -1   103.69   225  4   0.0  0   0.0  0
      12.9        20.3         1.3         8.0
 121.13998    -8.21962     2.696   88.00  26.00  0.2783E+13   11.76   5.29  -1  -1    72.48   439  4   0.0  0   0.0  0
       8.5        57.3        16.4         0.8
 121.34856    -8.21241     2.696   88.00  26.00  0.2783E+13    6.46   5.29  -1  -1   106.66   284  4   0.0  0   0.0  0
      33.4         1.5        14.0         4.7
 121.55713    -8.20520     2.696   88.00  26.00  0.2783E+13   17.03   5.29  -1  -1    77.73   236  4   0.0  0   0.0  0
      28.4         4.0        11.1         1.1
 121.76571    -8.19800     2.696   88.00  26.00  0.2783E+13   13.59   5.29  -1  -1    40.00     0  4   0.0  0   0.0  0
       0.0         0.0         0.0         0.0
 121.97429    -8.19079     2.696   88.00  26.00  0.2783E+13   20.01   5.29  -1  -1    40.00     0  4   0.0  0   0.0  0
       0.0         0.0         0.0         0.0
 122.18287    -8.18358     2.696   88.00  26.00  0.2783E+13   26.51   5.29  -1  -1    40.00     0  4   0.0  0   0.0  0
       0.0         0.0         0.0         0.0
 122.39144    -8.17638     2.696   88.00  26.00  0.2783E+13   33.04   5.29  -1  -1    40.00     0  4   0.0  0   0.0  0
       0.0         0.0         0.0         0.0
 122.60002    -8.16917     2.696   88.00  26.00  0.2783E+13   40.65   5.29  -1  -1   110.49    23  4   0.0  0   0.0  0
       1.3         0.7         1.0         1.4
 122.80860    -8.16196     2.696   88.00  26.00  0.2783E+13   41.89   5.29  -1  -1    40.00     0  4   0.0  0   0.0  0
       0.0         0.0         0.0         0.0
