 RECTANGULAR fault MODEL

All subfaults are   5.0 km long along strike and
  4.7 km wide along dip

Model length along strike is   45.0 km

Model width along dip is   23.5 km

 Corners of the rectangular dislocation model (lat, lon):
    25.954   125.569 : corner 1
    25.947   126.019 : corner 2
    25.946   126.019 : corner 3
    25.953   125.569 : corner 4


 Number of elementary moment rate
 isoceles triangular functions
 per subfault:            4

 Half duration of elementary moment rate
 isoceles triangular functions (s):    1.42999995    

 seismic moment rate unit: dyne.cm
 (1 dyne.cm = 10E-7 N.m)


 Seismic moment is converted into slip
 using a single constant value for the
shear modulus mu of  0.250E+12 dyne/cm2
 assumed to be constant and characteristic
 of the fault shear zone


 "Lat, lon, depth" below are the coord                          in degrees of the subfaults centers

 "rake" (degrees) is the slip angle (Aki"s convention,
 e.g. rake=+45 means left-lateral-reverse movement.

 "ontime" is the rupture onset time in seconds of the subfault.

 amp1, amp2, amp3 and amp4 are the amplitudes
 of the isoceles triangular functions representing
 the moment rate function. Triangles are
 overlapping each other by half

 ************************************************
 Total seismic moment M0=    1.53679514E+25  dyne.cm
 ************************************************

 ================================================

      Lat     Lon      depth(km) strike    dip    rake  ontime       slip(cm)  amp1(dyne.cm/s) amp2(dyne.cm/s) amp3(dyne.cm/s)         	amp4(dyne.cm/s)       M0_subf

    25.950   125.794    12.000    91.0    89.9    28.2   0.0          8      0.106160E+23      0.302880E+24      0.580890E+22      0.381430E+22         0.462060E+24 : hypocenter
    25.952   125.644    21.400    91.0    89.9    47.9   5.1         71      0.210450E+25      0.157930E+23      0.188760E+24      0.625610E+24         0.419657E+25
    25.952   125.694    21.400    91.0    89.9    46.8   4.0          1      0.140650E+23      0.237560E+23      0.386310E+22      0.540380E+22         0.673357E+23
    25.951   125.744    21.400    91.0    89.9    19.1   6.1          0      0.268550E+22      0.268800E+22      0.659720E+22      0.421930E+22         0.231517E+23
    25.950   125.794    21.400    91.0    89.9   -30.5   5.7          0      0.323250E+22      0.396540E+22      0.422630E+22      0.693520E+22         0.262539E+23
    25.949   125.844    21.400    91.0    89.9   -42.0   3.0          0      0.210720E+20      0.210720E+20      0.210720E+20      0.210720E+20         0.120532E+21
    25.948   125.894    21.400    91.0    89.9   -38.9   4.6          1      0.506240E+22      0.806100E+22      0.484120E+22      0.733360E+22         0.361764E+23
    25.948   125.944    21.400    91.0    89.9   -41.8   5.7         12      0.495750E+23      0.243880E+24      0.126390E+23      0.174970E+24         0.687921E+24
    25.947   125.994    21.400    91.0    89.9   -42.0   6.3          0      0.210720E+20      0.210720E+20      0.210720E+20      0.210720E+20         0.120532E+21
    25.953   125.594    16.700    91.0    89.9   -42.0   5.9          0      0.210720E+20      0.210720E+20      0.210720E+20      0.210720E+20         0.120532E+21
    25.952   125.644    16.700    91.0    89.9    47.8   4.9         31      0.107850E+25      0.351330E+22      0.584360E+22      0.199730E+24         0.184125E+25
    25.952   125.694    16.700    91.0    89.9    28.5   5.5          0      0.486270E+22      0.337240E+22      0.712090E+22      0.463960E+22         0.285937E+23
    25.951   125.744    16.700    91.0    89.9    12.2   6.2          0      0.467090E+22      0.339350E+22      0.369130E+22      0.626880E+22         0.257750E+23
    25.950   125.794    16.700    91.0    89.9    11.0   2.8          8      0.324790E+24      0.403270E+22      0.521500E+22      0.340770E+22         0.482547E+24
    25.949   125.844    16.700    91.0    89.9   -42.0   2.0          0      0.210720E+20      0.210720E+20      0.210720E+20      0.210720E+20         0.120532E+21
    25.948   125.894    16.700    91.0    89.9   -14.4   5.6          4      0.134670E+24      0.334150E+22      0.380940E+22      0.442760E+22         0.209135E+24
    25.948   125.944    16.700    91.0    89.9   -40.0   5.6          1      0.307380E+23      0.675300E+22      0.941930E+22      0.744650E+22         0.777302E+23
    25.947   125.994    16.700    91.0    89.9   -42.0   5.9          0      0.210720E+20      0.210720E+20      0.210720E+20      0.210720E+20         0.120532E+21
    25.953   125.594    12.000    91.0    89.9   -42.0   5.7          0      0.210720E+20      0.210720E+20      0.210720E+20      0.210720E+20         0.120532E+21
    25.952   125.644    12.000    91.0    89.9    27.3   4.9          1      0.765170E+22      0.496290E+22      0.468260E+22      0.705830E+22         0.348284E+23
    25.952   125.694    12.000    91.0    89.9    24.4   5.5          0      0.528270E+22      0.275100E+22      0.469430E+22      0.455340E+22         0.247124E+23
    25.951   125.744    12.000    91.0    89.9    32.7   1.6         21      0.842360E+24      0.336460E+22      0.344960E+22      0.490980E+22         0.122134E+25
    25.953   125.594    21.400    91.0    89.9   -42.0   6.3          0      0.210720E+20      0.210720E+20      0.210720E+20      0.210720E+20         0.120532E+21
    25.949   125.844    12.000    91.0    89.9   -42.0   1.4          0      0.210720E+20      0.210720E+20      0.210720E+20      0.210720E+20         0.120532E+21
    25.949   125.894    12.000    91.0    89.9   -40.7   3.1         42      0.171730E+25      0.535190E+22      0.390360E+22      0.311310E+22         0.247343E+25
    25.948   125.944    12.000    91.0    89.9   -25.5   5.2          1      0.383460E+23      0.474230E+22      0.331650E+22      0.527750E+22         0.739057E+23
    25.947   125.994    12.000    91.0    89.9   -42.0   5.7          0      0.210720E+20      0.210720E+20      0.210720E+20      0.210720E+20         0.120532E+21
    25.953   125.594     7.300    91.0    89.9   -42.0   5.9          0      0.210720E+20      0.210720E+20      0.210720E+20      0.210720E+20         0.120532E+21
    25.953   125.644     7.300    91.0    89.9    27.5   5.5          0      0.360050E+22      0.456850E+22      0.564280E+22      0.639740E+22         0.288992E+23
    25.952   125.694     7.300    91.0    89.9    11.6   5.6          1      0.355000E+22      0.661870E+22      0.955550E+22      0.296600E+22         0.324470E+23
    25.951   125.744     7.300    91.0    89.9    11.4   4.3          0      0.407420E+22      0.358620E+22      0.436220E+22      0.356560E+22         0.222911E+23
    25.950   125.794     7.300    91.0    89.9   -32.3   4.3          1      0.800950E+22      0.514520E+22      0.408090E+22      0.469540E+22         0.313613E+23
    25.949   125.844     7.300    91.0    89.9   -42.0   2.0          0      0.210720E+20      0.210720E+20      0.210720E+20      0.210720E+20         0.120532E+21
    25.949   125.894     7.300    91.0    89.9   -16.7   3.2          5      0.209850E+24      0.452460E+22      0.430710E+22      0.506580E+22         0.319959E+24
    25.948   125.944     7.300    91.0    89.9   -35.0   4.8          1      0.157870E+23      0.102330E+23      0.123490E+23      0.415340E+22         0.608070E+23
    25.947   125.994     7.300    91.0    89.9   -42.0   5.9          0      0.210720E+20      0.210720E+20      0.210720E+20      0.210720E+20         0.120532E+21
    25.953   125.594     2.600    91.0    89.9   -42.0   6.3          0      0.210720E+20      0.210720E+20      0.210720E+20      0.210720E+20         0.120532E+21
    25.953   125.644     2.600    91.0    89.9    -2.0   5.3         22      0.883710E+24      0.400710E+22      0.296340E+22      0.340820E+22         0.127855E+25
    25.952   125.694     2.600    91.0    89.9    -3.7   5.7          0      0.365430E+22      0.547480E+22      0.369200E+22      0.268400E+22         0.221723E+23
    25.951   125.744     2.600    91.0    89.9    23.5   4.3          0      0.357770E+22      0.351670E+22      0.410340E+22      0.305800E+22         0.203858E+23
    25.950   125.794     2.600    91.0    89.9    14.2   2.7          3      0.116590E+24      0.279400E+22      0.432940E+22      0.329540E+22         0.181623E+24
    25.949   125.844     2.600    91.0    89.9   -42.0   3.0          0      0.210720E+20      0.210720E+20      0.210720E+20      0.210720E+20         0.120532E+21
    25.949   125.894     2.600    91.0    89.9    -9.9   6.3          1      0.558360E+22      0.584580E+22      0.608920E+22      0.233360E+23         0.584221E+23
    25.948   125.944     2.600    91.0    89.9     3.2   6.1         22      0.106470E+23      0.709360E+24      0.145670E+24      0.549560E+23         0.131651E+25
    25.947   125.994     2.600    91.0    89.9   -42.0   6.3          0      0.210720E+20      0.210720E+20      0.210720E+20      0.210720E+20         0.120532E+21
