2.0
#
# http://equake-rc.info/static/paper/SRF-Description-Graves_2.0.pdf
# RECTANGULAR fault MODEL
#
# All subfaults are   5.0 km long along strike and
#   4.7 km wide along dip
#
# Model length along strike is   45.0 km
#
# Model width along dip is   23.5 km
#
# Corners of the rectangular dislocation model (lat, lon):
#     25.954   125.569 : corner 1
#     25.947   126.019 : corner 2
#     25.946   126.019 : corner 3
#     25.953   125.569 : corner 4
#
#
# Number of elementary sliprate
# isoceles triangular functions
# per subfault:   4
#
# Half duration of elementary sliprate
# isoceles triangular functions (s):   1.43
# Triangles are overlapping each other by half
#
# slip rate unit: cm/s
#
#
# Seismic moment is converted into slip
# using a single constant value for the
# shear modulus mu of  0.250E+12 dyne/cm2
# assumed to be constant and characteristic
# of the fault shear zone
#
#
#
# "rake" (degrees) is the slip angle (Aki"s convention,
# e.g. rake=+45 means left-lateral-reverse movement.
#
#
# ************************************************
# Total seismic moment M0=  0.154E+26 dyne.cm
# ************************************************
#
#
PLANE 1
 125.79400    25.95050    9    5    45.000    23.500
 91.01  89.90     0.250     0.000    11.750
POINTS   45
 125.79410    25.95010    12.000   91.01  89.90  0.2350E+12    0.00   1.43  -1  -1    28.21     8  4   0.0  0   0.0  0
       0.2         5.2         0.1         0.1
 125.64404    25.95232    21.400   91.01  89.90  0.2350E+12    5.11   1.43  -1  -1    47.93    71  4   0.0  0   0.0  0
      35.8         0.3         3.2        10.6
 125.69405    25.95153    21.400   91.01  89.90  0.2350E+12    3.95   1.43  -1  -1    46.84     1  4   0.0  0   0.0  0
       0.2         0.4         0.1         0.1
 125.74407    25.95074    21.400   91.01  89.90  0.2350E+12    6.13   1.43  -1  -1    19.07     0  4   0.0  0   0.0  0
       0.0         0.0         0.1         0.1
 125.79410    25.94995    21.400   91.01  89.90  0.2350E+12    5.70   1.43  -1  -1   -30.47     0  4   0.0  0   0.0  0
       0.1         0.1         0.1         0.1
 125.84412    25.94916    21.400   91.01  89.90  0.2350E+12    3.04   1.43  -1  -1   -42.00     0  4   0.0  0   0.0  0
       0.0         0.0         0.0         0.0
 125.89413    25.94837    21.400   91.01  89.90  0.2350E+12    4.56   1.43  -1  -1   -38.89     1  4   0.0  0   0.0  0
       0.1         0.1         0.1         0.1
 125.94416    25.94758    21.400   91.01  89.90  0.2350E+12    5.74   1.43  -1  -1   -41.77    12  4   0.0  0   0.0  0
       0.8         4.2         0.2         3.0
 125.99418    25.94680    21.400   91.01  89.90  0.2350E+12    6.31   1.43  -1  -1   -42.00     0  4   0.0  0   0.0  0
       0.0         0.0         0.0         0.0
 125.59401    25.95318    16.700   91.01  89.90  0.2350E+12    5.87   1.43  -1  -1   -42.00     0  4   0.0  0   0.0  0
       0.0         0.0         0.0         0.0
 125.64404    25.95239    16.700   91.01  89.90  0.2350E+12    4.87   1.43  -1  -1    47.78    31  4   0.0  0   0.0  0
      18.4         0.1         0.1         3.4
 125.69405    25.95160    16.700   91.01  89.90  0.2350E+12    5.48   1.43  -1  -1    28.52     0  4   0.0  0   0.0  0
       0.1         0.1         0.1         0.1
 125.74407    25.95082    16.700   91.01  89.90  0.2350E+12    6.22   1.43  -1  -1    12.16     0  4   0.0  0   0.0  0
       0.1         0.1         0.1         0.1
 125.79410    25.95003    16.700   91.01  89.90  0.2350E+12    2.78   1.43  -1  -1    11.01     8  4   0.0  0   0.0  0
       5.5         0.1         0.1         0.1
 125.84412    25.94924    16.700   91.01  89.90  0.2350E+12    1.96   1.43  -1  -1   -42.00     0  4   0.0  0   0.0  0
       0.0         0.0         0.0         0.0
 125.89414    25.94845    16.700   91.01  89.90  0.2350E+12    5.63   1.43  -1  -1   -14.41     4  4   0.0  0   0.0  0
       2.3         0.1         0.1         0.1
 125.94416    25.94766    16.700   91.01  89.90  0.2350E+12    5.58   1.43  -1  -1   -39.97     1  4   0.0  0   0.0  0
       0.5         0.1         0.2         0.1
 125.99418    25.94687    16.700   91.01  89.90  0.2350E+12    5.87   1.43  -1  -1   -42.00     0  4   0.0  0   0.0  0
       0.0         0.0         0.0         0.0
 125.59402    25.95326    12.000   91.01  89.90  0.2350E+12    5.71   1.43  -1  -1   -42.00     0  4   0.0  0   0.0  0
       0.0         0.0         0.0         0.0
 125.64404    25.95247    12.000   91.01  89.90  0.2350E+12    4.94   1.43  -1  -1    27.26     1  4   0.0  0   0.0  0
       0.1         0.1         0.1         0.1
 125.69405    25.95168    12.000   91.01  89.90  0.2350E+12    5.53   1.43  -1  -1    24.39     0  4   0.0  0   0.0  0
       0.1         0.0         0.1         0.1
 125.74408    25.95089    12.000   91.01  89.90  0.2350E+12    1.59   1.43  -1  -1    32.74    21  4   0.0  0   0.0  0
      14.3         0.1         0.1         0.1
 125.59401    25.95311    21.400   91.01  89.90  0.2350E+12    6.31   1.43  -1  -1   -42.00     0  4   0.0  0   0.0  0
       0.0         0.0         0.0         0.0
 125.84412    25.94931    12.000   91.01  89.90  0.2350E+12    1.43   1.43  -1  -1   -42.00     0  4   0.0  0   0.0  0
       0.0         0.0         0.0         0.0
 125.89414    25.94852    12.000   91.01  89.90  0.2350E+12    3.13   1.43  -1  -1   -40.65    42  4   0.0  0   0.0  0
      29.2         0.1         0.1         0.1
 125.94416    25.94773    12.000   91.01  89.90  0.2350E+12    5.18   1.43  -1  -1   -25.54     1  4   0.0  0   0.0  0
       0.7         0.1         0.1         0.1
 125.99418    25.94694    12.000   91.01  89.90  0.2350E+12    5.71   1.43  -1  -1   -42.00     0  4   0.0  0   0.0  0
       0.0         0.0         0.0         0.0
 125.59402    25.95333     7.300   91.01  89.90  0.2350E+12    5.87   1.43  -1  -1   -42.00     0  4   0.0  0   0.0  0
       0.0         0.0         0.0         0.0
 125.64404    25.95254     7.300   91.01  89.90  0.2350E+12    5.55   1.43  -1  -1    27.55     0  4   0.0  0   0.0  0
       0.1         0.1         0.1         0.1
 125.69405    25.95175     7.300   91.01  89.90  0.2350E+12    5.58   1.43  -1  -1    11.55     1  4   0.0  0   0.0  0
       0.1         0.1         0.2         0.1
 125.74408    25.95096     7.300   91.01  89.90  0.2350E+12    4.30   1.43  -1  -1    11.36     0  4   0.0  0   0.0  0
       0.1         0.1         0.1         0.1
 125.79410    25.95017     7.300   91.01  89.90  0.2350E+12    4.28   1.43  -1  -1   -32.27     1  4   0.0  0   0.0  0
       0.1         0.1         0.1         0.1
 125.84412    25.94938     7.300   91.01  89.90  0.2350E+12    1.96   1.43  -1  -1   -42.00     0  4   0.0  0   0.0  0
       0.0         0.0         0.0         0.0
 125.89414    25.94860     7.300   91.01  89.90  0.2350E+12    3.19   1.43  -1  -1   -16.70     5  4   0.0  0   0.0  0
       3.6         0.1         0.1         0.1
 125.94416    25.94781     7.300   91.01  89.90  0.2350E+12    4.79   1.43  -1  -1   -35.04     1  4   0.0  0   0.0  0
       0.3         0.2         0.2         0.1
 125.99419    25.94702     7.300   91.01  89.90  0.2350E+12    5.87   1.43  -1  -1   -42.00     0  4   0.0  0   0.0  0
       0.0         0.0         0.0         0.0
 125.59402    25.95340     2.600   91.01  89.90  0.2350E+12    6.31   1.43  -1  -1   -42.00     0  4   0.0  0   0.0  0
       0.0         0.0         0.0         0.0
 125.64404    25.95262     2.600   91.01  89.90  0.2350E+12    5.28   1.43  -1  -1    -2.04    22  4   0.0  0   0.0  0
      15.0         0.1         0.1         0.1
 125.69406    25.95183     2.600   91.01  89.90  0.2350E+12    5.71   1.43  -1  -1    -3.69     0  4   0.0  0   0.0  0
       0.1         0.1         0.1         0.0
 125.74408    25.95104     2.600   91.01  89.90  0.2350E+12    4.29   1.43  -1  -1    23.45     0  4   0.0  0   0.0  0
       0.1         0.1         0.1         0.1
 125.79410    25.95025     2.600   91.01  89.90  0.2350E+12    2.70   1.43  -1  -1    14.24     3  4   0.0  0   0.0  0
       2.0         0.0         0.1         0.1
 125.84412    25.94946     2.600   91.01  89.90  0.2350E+12    3.04   1.43  -1  -1   -42.00     0  4   0.0  0   0.0  0
       0.0         0.0         0.0         0.0
 125.89414    25.94867     2.600   91.01  89.90  0.2350E+12    6.25   1.43  -1  -1    -9.86     1  4   0.0  0   0.0  0
       0.1         0.1         0.1         0.4
 125.94416    25.94788     2.600   91.01  89.90  0.2350E+12    6.13   1.43  -1  -1     3.21    22  4   0.0  0   0.0  0
       0.2        12.1         2.5         0.9
 125.99419    25.94709     2.600   91.01  89.90  0.2350E+12    6.31   1.43  -1  -1   -42.00     0  4   0.0  0   0.0  0
       0.0         0.0         0.0         0.0
