2.0
#
# http://equake-rc.info/static/paper/SRF-Description-Graves_2.0.pdf
# RECTANGULAR fault MODEL
#
# All subfaults are   5.0 km long along strike and
#   3.3 km wide along dip
#
# Model length along strike is   45.0 km
#
# Model width along dip is   16.5 km
#
# Corners of the rectangular dislocation model (lat, lon):
#     25.748   125.786 : corner 1
#     26.153   125.794 : corner 2
#     26.152   125.802 : corner 3
#     25.748   125.794 : corner 4
#
#
# Number of elementary sliprate
# isoceles triangular functions
# per subfault:   4
#
# Half duration of elementary sliprate
# isoceles triangular functions (s):   1.43
# Triangles are overlapping each other by half
#
# slip rate unit: cm/s
#
#
# Seismic moment is converted into slip
# using a single constant value for the
# shear modulus mu of  0.250E+12 dyne/cm2
# assumed to be constant and characteristic
# of the fault shear zone
#
#
#
# "rake" (degrees) is the slip angle (Aki"s convention,
# e.g. rake=+45 means left-lateral-reverse movement.
#
#
# ************************************************
# Total seismic moment M0=  0.116E+26 dyne.cm
# ************************************************
#
#
PLANE 1
 125.79000    25.95050    9    5    45.000    16.500
  1.00  87.00     0.161     0.000     8.250
POINTS   45
 125.79410    25.95010     8.400    1.00  87.00  0.1650E+12    0.00   1.43  -1  -1   177.00     0  4   0.0  0   0.0  0
       0.1         0.1         0.1         0.1
 125.79494    25.81511    14.991    1.00  87.00  0.1650E+12    5.31   1.43  -1  -1  -136.63     0  4   0.0  0   0.0  0
       0.1         0.0         0.0         0.1
 125.79581    25.86009    14.991    1.00  87.00  0.1650E+12    5.87   1.43  -1  -1  -136.78     1  4   0.0  0   0.0  0
       0.1         0.1         0.1         0.1
 125.79668    25.90507    14.991    1.00  87.00  0.1650E+12    2.69   1.43  -1  -1  -137.98    41  4   0.0  0   0.0  0
      28.7         0.1         0.1         0.1
 125.79755    25.95005    14.991    1.00  87.00  0.1650E+12    2.74   1.43  -1  -1  -135.43    31  4   0.0  0   0.0  0
      21.5         0.1         0.0         0.1
 125.79842    25.99502    14.991    1.00  87.00  0.1650E+12    5.66   1.43  -1  -1  -137.55     1  4   0.0  0   0.0  0
       0.1         0.1         0.1         0.1
 125.79930    26.04000    14.991    1.00  87.00  0.1650E+12    5.63   1.43  -1  -1  -136.69     1  4   0.0  0   0.0  0
       0.1         0.1         0.2         0.1
 125.80017    26.08498    14.991    1.00  87.00  0.1650E+12    4.68   1.43  -1  -1   134.90     0  4   0.0  0   0.0  0
       0.0         0.0         0.0         0.0
 125.80105    26.12996    14.991    1.00  87.00  0.1650E+12    6.02   1.43  -1  -1   134.90     0  4   0.0  0   0.0  0
       0.0         0.0         0.0         0.0
 125.79234    25.77016    11.695    1.00  87.00  0.1650E+12    6.15   1.43  -1  -1  -136.04     0  4   0.0  0   0.0  0
       0.1         0.1         0.1         0.1
 125.79321    25.81514    11.695    1.00  87.00  0.1650E+12    5.49   1.43  -1  -1  -148.10     0  4   0.0  0   0.0  0
       0.1         0.1         0.1         0.0
 125.79408    25.86012    11.695    1.00  87.00  0.1650E+12    6.38   1.43  -1  -1  -145.28     0  4   0.0  0   0.0  0
       0.1         0.0         0.1         0.1
 125.79495    25.90509    11.695    1.00  87.00  0.1650E+12    2.55   1.43  -1  -1  -156.10    45  4   0.0  0   0.0  0
      31.0         0.1         0.1         0.1
 125.79582    25.95007    11.695    1.00  87.00  0.1650E+12    1.11   1.43  -1  -1  -150.27     8  4   0.0  0   0.0  0
       5.1         0.0         0.1         0.1
 125.79670    25.99505    11.695    1.00  87.00  0.1650E+12    5.74   1.43  -1  -1  -136.85     1  4   0.0  0   0.0  0
       0.1         0.1         0.4         0.1
 125.79757    26.04003    11.695    1.00  87.00  0.1650E+12    6.12   1.43  -1  -1  -137.34     1  4   0.0  0   0.0  0
       0.1         0.1         0.5         0.1
 125.79845    26.08501    11.695    1.00  87.00  0.1650E+12    4.39   1.43  -1  -1   134.90     0  4   0.0  0   0.0  0
       0.0         0.0         0.0         0.0
 125.79932    26.12998    11.695    1.00  87.00  0.1650E+12    5.79   1.43  -1  -1   134.90     0  4   0.0  0   0.0  0
       0.0         0.0         0.0         0.0
 125.79060    25.77019     8.400    1.00  87.00  0.1650E+12    6.35   1.43  -1  -1  -155.67     0  4   0.0  0   0.0  0
       0.1         0.1         0.1         0.1
 125.79148    25.81517     8.400    1.00  87.00  0.1650E+12    4.46   1.43  -1  -1  -153.73     0  4   0.0  0   0.0  0
       0.1         0.1         0.1         0.1
 125.79235    25.86014     8.400    1.00  87.00  0.1650E+12    5.49   1.43  -1  -1  -168.89     0  4   0.0  0   0.0  0
       0.1         0.0         0.1         0.1
 125.79323    25.90512     8.400    1.00  87.00  0.1650E+12    1.97   1.43  -1  -1  -167.22    13  4   0.0  0   0.0  0
       9.1         0.1         0.1         0.1
 125.79406    25.77013    14.991    1.00  87.00  0.1650E+12    6.18   1.43  -1  -1  -153.30     0  4   0.0  0   0.0  0
       0.1         0.0         0.1         0.1
 125.79497    25.99508     8.400    1.00  87.00  0.1650E+12    4.14   1.43  -1  -1  -164.24     1  4   0.0  0   0.0  0
       0.1         0.0         0.1         0.2
 125.79585    26.04006     8.400    1.00  87.00  0.1650E+12    6.08   1.43  -1  -1  -136.43    10  4   0.0  0   0.0  0
       0.1         0.1         4.9         2.2
 125.79671    26.08503     8.400    1.00  87.00  0.1650E+12    4.29   1.43  -1  -1   134.90     0  4   0.0  0   0.0  0
       0.0         0.0         0.0         0.0
 125.79759    26.13001     8.400    1.00  87.00  0.1650E+12    5.71   1.43  -1  -1   134.90     0  4   0.0  0   0.0  0
       0.0         0.0         0.0         0.0
 125.78888    25.77022     5.105    1.00  87.00  0.1650E+12    6.11   1.43  -1  -1   171.58     0  4   0.0  0   0.0  0
       0.1         0.1         0.1         0.1
 125.78975    25.81519     5.105    1.00  87.00  0.1650E+12    5.55   1.43  -1  -1  -177.95     0  4   0.0  0   0.0  0
       0.0         0.1         0.1         0.1
 125.79063    25.86017     5.105    1.00  87.00  0.1650E+12    4.12   1.43  -1  -1   175.56     0  4   0.0  0   0.0  0
       0.1         0.1         0.1         0.1
 125.79150    25.90515     5.105    1.00  87.00  0.1650E+12    2.45   1.43  -1  -1  -179.50     2  4   0.0  0   0.0  0
       1.0         0.1         0.1         0.0
 125.79237    25.95013     5.105    1.00  87.00  0.1650E+12    1.04   1.43  -1  -1   153.88    26  4   0.0  0   0.0  0
       3.9        14.4         0.0         0.0
 125.79324    25.99511     5.105    1.00  87.00  0.1650E+12    5.62   1.43  -1  -1  -155.46     2  4   0.0  0   0.0  0
       0.1         0.1         0.8         0.3
 125.79411    26.04008     5.105    1.00  87.00  0.1650E+12    5.95   1.43  -1  -1  -136.01    19  4   0.0  0   0.0  0
       0.1         0.1         5.2         7.6
 125.79499    26.08506     5.105    1.00  87.00  0.1650E+12    4.39   1.43  -1  -1   134.90     0  4   0.0  0   0.0  0
       0.0         0.0         0.0         0.0
 125.79586    26.13004     5.105    1.00  87.00  0.1650E+12    5.79   1.43  -1  -1   134.90     0  4   0.0  0   0.0  0
       0.0         0.0         0.0         0.0
 125.78715    25.77024     1.809    1.00  87.00  0.1650E+12    6.08   1.43  -1  -1   154.51     0  4   0.0  0   0.0  0
       0.1         0.1         0.1         0.1
 125.78802    25.81522     1.809    1.00  87.00  0.1650E+12    5.75   1.43  -1  -1   136.67    10  4   0.0  0   0.0  0
       0.1         0.1         6.9         0.1
 125.78889    25.86020     1.809    1.00  87.00  0.1650E+12    4.22   1.43  -1  -1   142.89     3  4   0.0  0   0.0  0
       0.1         0.1         0.6         1.1
 125.78977    25.90518     1.809    1.00  87.00  0.1650E+12    2.46   1.43  -1  -1   170.57     5  4   0.0  0   0.0  0
       3.0         0.0         0.1         0.1
 125.79064    25.95015     1.809    1.00  87.00  0.1650E+12    2.12   1.43  -1  -1   149.89    16  4   0.0  0   0.0  0
      10.8         0.1         0.2         0.1
 125.79152    25.99513     1.809    1.00  87.00  0.1650E+12    6.34   1.43  -1  -1   159.91     6  4   0.0  0   0.0  0
       2.4         0.1         0.7         1.3
 125.79239    26.04011     1.809    1.00  87.00  0.1650E+12    5.74   1.43  -1  -1   168.37    36  4   0.0  0   0.0  0
       0.1         0.1        12.9        11.8
 125.79326    26.08509     1.809    1.00  87.00  0.1650E+12    4.68   1.43  -1  -1   134.90     0  4   0.0  0   0.0  0
       0.0         0.0         0.0         0.0
 125.79414    26.13007     1.809    1.00  87.00  0.1650E+12    6.02   1.43  -1  -1   134.90     0  4   0.0  0   0.0  0
       0.0         0.0         0.0         0.0
