 RECTANGULAR fault MODEL

All subfaults are   4.0 km long along strike and
  7.0 km wide along dip

Model length along strike is   36.0 km

Model width along dip is   35.0 km

 Corners of the rectangular dislocation model (lat, lon):
   -13.881   166.704 : corner 1
   -14.088   166.959 : corner 2
   -14.209   166.855 : corner 3
   -14.001   166.600 : corner 4


 Number of elementary moment rate
 isoceles triangular functions
 per subfault:            4

 Half duration of elementary moment rate
 isoceles triangular functions (s):    1.33000004    

 seismic moment rate unit: dyne.cm
 (1 dyne.cm = 10E-7 N.m)


 Seismic moment is converted into slip
 using a single constant value for the
shear modulus mu of  0.250E+12 dyne/cm2
 assumed to be constant and characteristic
 of the fault shear zone


 "Lat, lon, depth" below are the coord                          in degrees of the subfaults centers

 "rake" (degrees) is the slip angle (Aki"s convention,
 e.g. rake=+45 means left-lateral-reverse movement.

 "ontime" is the rupture onset time in seconds of the subfault.

 amp1, amp2, amp3 and amp4 are the amplitudes
 of the isoceles triangular functions representing
 the moment rate function. Triangles are
 overlapping each other by half

 ************************************************
 Total seismic moment M0=    1.37447935E+25  dyne.cm
 ************************************************

 ================================================

      Lat     Lon      depth(km) strike    dip    rake  ontime       slip(cm)  amp1(dyne.cm/s) amp2(dyne.cm/s) amp3(dyne.cm/s)         	amp4(dyne.cm/s)       M0_subf

   -14.021   166.801    11.200   130.0    60.0   145.8   0.0          0      0.457930E+22      0.667550E+22      0.399020E+22      0.285120E+22         0.240679E+23 : hypocenter
   -14.023   166.653    29.387   130.0    60.0   160.3   5.7          1      0.549500E+22      0.317000E+23      0.425990E+22      0.297890E+22         0.590970E+23
   -14.047   166.681    29.387   130.0    60.0   128.2   5.7          0      0.727830E+22      0.106280E+23      0.452140E+22      0.371300E+22         0.347671E+23
   -14.070   166.710    29.387   130.0    60.0   105.7   5.7          4      0.624770E+22      0.146600E+24      0.558630E+23      0.482150E+22         0.283998E+24
   -14.093   166.738    29.387   130.0    60.0   108.8   5.7         10      0.314970E+22      0.179300E+23      0.510340E+24      0.670730E+22         0.715709E+24
   -14.116   166.767    29.387   130.0    60.0   101.9   5.7          9      0.396180E+22      0.241890E+23      0.269210E+24      0.186720E+24         0.643827E+24
   -14.139   166.795    29.387   130.0    60.0    96.8   5.7         12      0.438460E+22      0.398250E+22      0.145750E+24      0.481580E+24         0.845477E+24
   -14.162   166.823    29.387   130.0    60.0    95.2   5.7         10      0.712370E+22      0.702880E+22      0.143710E+24      0.360830E+24         0.689861E+24
   -14.185   166.852    29.387   130.0    60.0    95.1   5.7         13      0.754220E+23      0.576100E+23      0.180790E+24      0.352910E+24         0.886754E+24
   -13.976   166.646    23.324   130.0    60.0  -179.4   5.7          0      0.595920E+22      0.420130E+22      0.528040E+22      0.697480E+22         0.298129E+23
   -13.999   166.674    23.324   130.0    60.0   157.7   5.6          0      0.371150E+22      0.353150E+22      0.749590E+22      0.347580E+22         0.242255E+23
   -14.022   166.702    23.324   130.0    60.0   171.6   5.4          1      0.271950E+22      0.473580E+22      0.399490E+22      0.186270E+23         0.400027E+23
   -14.046   166.731    23.324   130.0    60.0   148.9   5.6          1      0.276350E+22      0.532130E+22      0.639120E+22      0.119650E+23         0.351665E+23
   -14.069   166.759    23.324   130.0    60.0   134.8   5.4          1      0.385640E+22      0.516360E+22      0.161490E+23      0.565460E+22         0.409954E+23
   -14.092   166.787    23.324   130.0    60.0   104.3   4.5          1      0.431210E+22      0.415990E+22      0.403780E+22      0.154730E+23         0.372171E+23
   -14.115   166.816    23.324   130.0    60.0    96.7   5.2          0      0.372920E+22      0.323760E+22      0.419830E+22      0.109250E+23         0.293798E+23
   -14.138   166.844    23.324   130.0    60.0   100.4   5.5          0      0.320400E+22      0.397990E+22      0.290650E+22      0.371950E+22         0.183672E+23
   -14.161   166.872    23.324   130.0    60.0    95.6   5.7          0      0.533690E+22      0.323250E+22      0.374520E+22      0.317530E+22         0.206016E+23
   -13.952   166.666    17.262   130.0    60.0  -175.1   5.2          8      0.428660E+22      0.657400E+22      0.343770E+23      0.354390E+24         0.531505E+24
   -13.975   166.695    17.262   130.0    60.0   151.7   5.4          4      0.384570E+22      0.543810E+22      0.180060E+23      0.181970E+24         0.278316E+24
   -13.998   166.723    17.262   130.0    60.0   157.8   5.2          7      0.342040E+22      0.341100E+22      0.132660E+23      0.370660E+24         0.519707E+24
   -14.021   166.751    17.262   130.0    60.0   129.4   2.3          1      0.340950E+22      0.554690E+22      0.456320E+22      0.590190E+23         0.964763E+23
   -14.045   166.780    17.262   130.0    60.0   125.0   4.1          0      0.459700E+22      0.479490E+22      0.416450E+22      0.513760E+22         0.248630E+23
   -14.068   166.808    17.262   130.0    60.0    98.4   2.6          1      0.151340E+23      0.387790E+22      0.410310E+22      0.584960E+22         0.385229E+23
   -14.091   166.836    17.262   130.0    60.0   129.0   5.2          0      0.302280E+22      0.284130E+22      0.330480E+22      0.354850E+22         0.169141E+23
   -14.114   166.865    17.262   130.0    60.0    98.8   5.1          0      0.440380E+22      0.302930E+22      0.303240E+22      0.342270E+22         0.184713E+23
   -14.137   166.893    17.262   130.0    60.0    95.1   5.1         37      0.191190E+25      0.310190E+22      0.404560E+22      0.350520E+22         0.255700E+25
   -13.928   166.687    11.200   130.0    60.0  -178.0   5.2          1      0.294240E+22      0.421570E+22      0.371140E+22      0.183850E+23         0.389085E+23
   -13.951   166.716    11.200   130.0    60.0   130.5   3.8          4      0.151700E+24      0.341510E+22      0.143070E+23      0.189710E+23         0.250563E+24
   -13.974   166.744    11.200   130.0    60.0   132.9   5.2          1      0.119730E+23      0.599550E+22      0.398260E+22      0.434310E+23         0.869582E+23
   -13.997   166.772    11.200   130.0    60.0   114.5   3.7          0      0.383650E+22      0.494240E+22      0.427080E+22      0.443810E+22         0.232588E+23
   -14.000   166.625    29.387   130.0    60.0   163.7   5.7          1      0.123000E+23      0.863450E+22      0.461640E+22      0.278870E+22         0.376917E+23
   -14.044   166.829    11.200   130.0    60.0   129.1   1.3         24      0.125010E+25      0.359170E+22      0.380640E+22      0.398150E+22         0.167777E+25
   -14.067   166.857    11.200   130.0    60.0    96.3   2.5         16      0.804720E+24      0.445830E+22      0.329280E+22      0.333890E+22         0.108503E+25
   -14.090   166.886    11.200   130.0    60.0   125.7   5.2          0      0.474640E+22      0.312570E+22      0.334650E+22      0.320840E+22         0.191879E+23
   -14.113   166.914    11.200   130.0    60.0   158.3   5.2          0      0.334580E+22      0.345990E+22      0.392090E+22      0.439820E+22         0.201160E+23
   -13.904   166.708     5.138   130.0    60.0  -176.8   5.3          0      0.386610E+22      0.293830E+22      0.482200E+22      0.734040E+22         0.252258E+23
   -13.927   166.736     5.138   130.0    60.0   171.5   5.2          1      0.305270E+23      0.490620E+22      0.398720E+22      0.420500E+22         0.580218E+23
   -13.950   166.765     5.138   130.0    60.0   124.6   3.5          4      0.971160E+23      0.713220E+23      0.159300E+23      0.502380E+22         0.251891E+24
   -13.973   166.793     5.138   130.0    60.0   115.2   3.0          1      0.448510E+22      0.112230E+23      0.485260E+23      0.447730E+22         0.913862E+23
   -13.996   166.821     5.138   130.0    60.0   119.0   5.3          2      0.479770E+22      0.529860E+22      0.732140E+22      0.743780E+23         0.122088E+24
   -14.020   166.850     5.138   130.0    60.0   114.4   5.4          4      0.173040E+24      0.351450E+22      0.170190E+23      0.156650E+23         0.278287E+24
   -14.043   166.878     5.138   130.0    60.0  -175.1   3.3         15      0.781640E+24      0.321340E+22      0.334570E+22      0.331440E+22         0.105271E+25
   -14.066   166.906     5.138   130.0    60.0  -179.2   4.2          0      0.686940E+22      0.329530E+22      0.288090E+22      0.296220E+22         0.212904E+23
   -14.089   166.935     5.138   130.0    60.0  -176.4   5.2          1      0.366050E+23      0.447880E+22      0.272330E+22      0.379280E+22         0.633079E+23
