2.0
#
# http://equake-rc.info/static/paper/SRF-Description-Graves_2.0.pdf
# RECTANGULAR fault MODEL
#
# All subfaults are   4.0 km long along strike and
#   7.0 km wide along dip
#
# Model length along strike is   36.0 km
#
# Model width along dip is   35.0 km
#
# Corners of the rectangular dislocation model (lat, lon):
#    -13.881   166.704 : corner 1
#    -14.088   166.959 : corner 2
#    -14.209   166.855 : corner 3
#    -14.001   166.600 : corner 4
#
#
# Number of elementary sliprate
# isoceles triangular functions
# per subfault:   4
#
# Half duration of elementary sliprate
# isoceles triangular functions (s):   1.33
# Triangles are overlapping each other by half
#
# slip rate unit: cm/s
#
#
# Seismic moment is converted into slip
# using a single constant value for the
# shear modulus mu of  0.250E+12 dyne/cm2
# assumed to be constant and characteristic
# of the fault shear zone
#
#
#
# "rake" (degrees) is the slip angle (Aki"s convention,
# e.g. rake=+45 means left-lateral-reverse movement.
#
#
# ************************************************
# Total seismic moment M0=  0.137E+26 dyne.cm
# ************************************************
#
#
PLANE 1
 166.83150   -13.98450    9    5    36.000    35.000
130.00  60.00     2.107     0.000    10.499
POINTS   45
 166.80060   -14.02050    11.200  130.00  60.00  0.2800E+12    0.00   1.33  -1  -1   145.79     0  4   0.0  0   0.0  0
       0.1         0.1         0.1         0.0
 166.65311   -14.02346    29.387  130.00  60.00  0.2800E+12    5.67   1.33  -1  -1   160.26     1  4   0.0  0   0.0  0
       0.1         0.5         0.1         0.0
 166.68146   -14.04654    29.387  130.00  60.00  0.2800E+12    5.67   1.33  -1  -1   128.22     0  4   0.0  0   0.0  0
       0.1         0.2         0.1         0.1
 166.70981   -14.06962    29.387  130.00  60.00  0.2800E+12    5.67   1.33  -1  -1   105.65     4  4   0.0  0   0.0  0
       0.1         2.1         0.8         0.1
 166.73816   -14.09270    29.387  130.00  60.00  0.2800E+12    5.67   1.33  -1  -1   108.81    10  4   0.0  0   0.0  0
       0.0         0.3         7.3         0.1
 166.76651   -14.11578    29.387  130.00  60.00  0.2800E+12    5.67   1.33  -1  -1   101.93     9  4   0.0  0   0.0  0
       0.1         0.3         3.8         2.7
 166.79486   -14.13885    29.387  130.00  60.00  0.2800E+12    5.67   1.33  -1  -1    96.77    12  4   0.0  0   0.0  0
       0.1         0.1         2.1         6.9
 166.82320   -14.16193    29.387  130.00  60.00  0.2800E+12    5.67   1.33  -1  -1    95.23    10  4   0.0  0   0.0  0
       0.1         0.1         2.1         5.2
 166.85155   -14.18501    29.387  130.00  60.00  0.2800E+12    5.67   1.33  -1  -1    95.09    13  4   0.0  0   0.0  0
       1.1         0.8         2.6         5.0
 166.64558   -13.97632    23.324  130.00  60.00  0.2800E+12    5.67   1.33  -1  -1  -179.36     0  4   0.0  0   0.0  0
       0.1         0.1         0.1         0.1
 166.67392   -13.99940    23.324  130.00  60.00  0.2800E+12    5.55   1.33  -1  -1   157.70     0  4   0.0  0   0.0  0
       0.1         0.1         0.1         0.0
 166.70227   -14.02248    23.324  130.00  60.00  0.2800E+12    5.37   1.33  -1  -1   171.62     1  4   0.0  0   0.0  0
       0.0         0.1         0.1         0.3
 166.73062   -14.04555    23.324  130.00  60.00  0.2800E+12    5.57   1.33  -1  -1   148.91     1  4   0.0  0   0.0  0
       0.0         0.1         0.1         0.2
 166.75897   -14.06863    23.324  130.00  60.00  0.2800E+12    5.44   1.33  -1  -1   134.80     1  4   0.0  0   0.0  0
       0.1         0.1         0.2         0.1
 166.78732   -14.09171    23.324  130.00  60.00  0.2800E+12    4.53   1.33  -1  -1   104.29     1  4   0.0  0   0.0  0
       0.1         0.1         0.1         0.2
 166.81567   -14.11479    23.324  130.00  60.00  0.2800E+12    5.16   1.33  -1  -1    96.72     0  4   0.0  0   0.0  0
       0.1         0.0         0.1         0.2
 166.84401   -14.13787    23.324  130.00  60.00  0.2800E+12    5.48   1.33  -1  -1   100.45     0  4   0.0  0   0.0  0
       0.0         0.1         0.0         0.1
 166.87236   -14.16094    23.324  130.00  60.00  0.2800E+12    5.67   1.33  -1  -1    95.59     0  4   0.0  0   0.0  0
       0.1         0.0         0.1         0.0
 166.66640   -13.95225    17.262  130.00  60.00  0.2800E+12    5.20   1.33  -1  -1  -175.05     8  4   0.0  0   0.0  0
       0.1         0.1         0.5         5.1
 166.69475   -13.97533    17.262  130.00  60.00  0.2800E+12    5.38   1.33  -1  -1   151.70     4  4   0.0  0   0.0  0
       0.1         0.1         0.3         2.6
 166.72308   -13.99841    17.262  130.00  60.00  0.2800E+12    5.17   1.33  -1  -1   157.81     7  4   0.0  0   0.0  0
       0.0         0.0         0.2         5.3
 166.75143   -14.02149    17.262  130.00  60.00  0.2800E+12    2.32   1.33  -1  -1   129.37     1  4   0.0  0   0.0  0
       0.0         0.1         0.1         0.8
 166.77979   -14.04457    17.262  130.00  60.00  0.2800E+12    4.06   1.33  -1  -1   125.02     0  4   0.0  0   0.0  0
       0.1         0.1         0.1         0.1
 166.80814   -14.06764    17.262  130.00  60.00  0.2800E+12    2.57   1.33  -1  -1    98.40     1  4   0.0  0   0.0  0
       0.2         0.1         0.1         0.1
 166.83649   -14.09072    17.262  130.00  60.00  0.2800E+12    5.23   1.33  -1  -1   128.98     0  4   0.0  0   0.0  0
       0.0         0.0         0.0         0.1
 166.86482   -14.11380    17.262  130.00  60.00  0.2800E+12    5.14   1.33  -1  -1    98.76     0  4   0.0  0   0.0  0
       0.1         0.0         0.0         0.0
 166.89317   -14.13688    17.262  130.00  60.00  0.2800E+12    5.11   1.33  -1  -1    95.14    37  4   0.0  0   0.0  0
      27.3         0.0         0.1         0.1
 166.68721   -13.92819    11.200  130.00  60.00  0.2800E+12    5.22   1.33  -1  -1  -177.97     1  4   0.0  0   0.0  0
       0.0         0.1         0.1         0.3
 166.71556   -13.95127    11.200  130.00  60.00  0.2800E+12    3.85   1.33  -1  -1   130.51     4  4   0.0  0   0.0  0
       2.2         0.0         0.2         0.3
 166.74390   -13.97434    11.200  130.00  60.00  0.2800E+12    5.17   1.33  -1  -1   132.89     1  4   0.0  0   0.0  0
       0.2         0.1         0.1         0.6
 166.77225   -13.99742    11.200  130.00  60.00  0.2800E+12    3.72   1.33  -1  -1   114.52     0  4   0.0  0   0.0  0
       0.1         0.1         0.1         0.1
 166.62477   -14.00038    29.387  130.00  60.00  0.2800E+12    5.67   1.33  -1  -1   163.73     1  4   0.0  0   0.0  0
       0.2         0.1         0.1         0.0
 166.82895   -14.04358    11.200  130.00  60.00  0.2800E+12    1.27   1.33  -1  -1   129.07    24  4   0.0  0   0.0  0
      17.9         0.1         0.1         0.1
 166.85730   -14.06666    11.200  130.00  60.00  0.2800E+12    2.55   1.33  -1  -1    96.28    16  4   0.0  0   0.0  0
      11.5         0.1         0.0         0.0
 166.88564   -14.08974    11.200  130.00  60.00  0.2800E+12    5.22   1.33  -1  -1   125.72     0  4   0.0  0   0.0  0
       0.1         0.0         0.0         0.0
 166.91399   -14.11281    11.200  130.00  60.00  0.2800E+12    5.17   1.33  -1  -1   158.26     0  4   0.0  0   0.0  0
       0.0         0.0         0.1         0.1
 166.70802   -13.90412     5.138  130.00  60.00  0.2800E+12    5.28   1.33  -1  -1  -176.84     0  4   0.0  0   0.0  0
       0.1         0.0         0.1         0.1
 166.73637   -13.92720     5.138  130.00  60.00  0.2800E+12    5.21   1.33  -1  -1   171.46     1  4   0.0  0   0.0  0
       0.4         0.1         0.1         0.1
 166.76471   -13.95028     5.138  130.00  60.00  0.2800E+12    3.46   1.33  -1  -1   124.56     4  4   0.0  0   0.0  0
       1.4         1.0         0.2         0.1
 166.79306   -13.97336     5.138  130.00  60.00  0.2800E+12    2.99   1.33  -1  -1   115.24     1  4   0.0  0   0.0  0
       0.1         0.2         0.7         0.1
 166.82141   -13.99643     5.138  130.00  60.00  0.2800E+12    5.32   1.33  -1  -1   118.99     2  4   0.0  0   0.0  0
       0.1         0.1         0.1         1.1
 166.84976   -14.01951     5.138  130.00  60.00  0.2800E+12    5.37   1.33  -1  -1   114.38     4  4   0.0  0   0.0  0
       2.5         0.1         0.2         0.2
 166.87811   -14.04259     5.138  130.00  60.00  0.2800E+12    3.35   1.33  -1  -1  -175.13    15  4   0.0  0   0.0  0
      11.2         0.0         0.0         0.0
 166.90645   -14.06567     5.138  130.00  60.00  0.2800E+12    4.22   1.33  -1  -1  -179.19     0  4   0.0  0   0.0  0
       0.1         0.0         0.0         0.0
 166.93480   -14.08875     5.138  130.00  60.00  0.2800E+12    5.21   1.33  -1  -1  -176.35     1  4   0.0  0   0.0  0
       0.5         0.1         0.0         0.1
