 RECTANGULAR fault MODEL

All subfaults are   7.0 km long along strike and
 12.0 km wide along dip

Model length along strike is   77.0 km

Model width along dip is   60.0 km

 Corners of the rectangular dislocation model (lat, lon):
    52.418  -171.606 : corner 1
    53.099  -171.831 : corner 2
    53.160  -171.321 : corner 3
    52.480  -171.096 : corner 4


 Number of elementary moment rate
 isoceles triangular functions
 per subfault:            4

 Half duration of elementary moment rate
 isoceles triangular functions (s):    1.95000005    

 seismic moment rate unit: dyne.cm
 (1 dyne.cm = 10E-7 N.m)


 Seismic moment is converted into slip
 using a single constant value for the
shear modulus mu of  0.250E+12 dyne/cm2
 assumed to be constant and characteristic
 of the fault shear zone


 "Lat, lon, depth" below are the coord                          in degrees of the subfaults centers

 "rake" (degrees) is the slip angle (Aki"s convention,
 e.g. rake=+45 means left-lateral-reverse movement.

 "ontime" is the rupture onset time in seconds of the subfault.

 amp1, amp2, amp3 and amp4 are the amplitudes
 of the isoceles triangular functions representing
 the moment rate function. Triangles are
 overlapping each other by half

 ************************************************
 Total seismic moment M0=    3.20874057E+25  dyne.cm
 ************************************************

 ================================================

      Lat     Lon      depth(km) strike    dip    rake  ontime       slip(cm)  amp1(dyne.cm/s) amp2(dyne.cm/s) amp3(dyne.cm/s)         	amp4(dyne.cm/s)       M0_subf

    52.802  -171.361    70.000   348.7    54.4   -26.1   0.0         77      0.512010E+25      0.311730E+25      0.200750E+23      0.159540E+23         0.161332E+26 : hypocenter
    52.567  -171.177    79.759   348.7    54.4   -91.3   8.7          0      0.104280E+21      0.104280E+21      0.104280E+21      0.104280E+21         0.813384E+21
    52.629  -171.198    79.759   348.7    54.4   -91.3   6.9          0      0.104280E+21      0.104280E+21      0.104280E+21      0.104280E+21         0.813384E+21
    52.690  -171.218    79.759   348.7    54.4   -90.5   8.5          6      0.134180E+23      0.584230E+23      0.103170E+24      0.417590E+24         0.115557E+25
    52.752  -171.239    79.759   348.7    54.4   -88.9   9.4          5      0.159910E+23      0.157730E+23      0.327640E+24      0.157550E+24         0.100806E+25
    52.814  -171.259    79.759   348.7    54.4   -72.4   9.4          1      0.140650E+23      0.125480E+23      0.309310E+23      0.140340E+23         0.139577E+24
    52.876  -171.280    79.759   348.7    54.4   -37.6  10.3          1      0.154550E+23      0.199780E+23      0.361790E+23      0.632540E+23         0.262989E+24
    52.938  -171.300    79.759   348.7    54.4   -91.3   5.3          0      0.104280E+21      0.104280E+21      0.104280E+21      0.104280E+21         0.813384E+21
    53.000  -171.321    79.759   348.7    54.4   -17.0  10.3          2      0.154630E+23      0.147370E+23      0.517560E+23      0.100740E+24         0.356257E+24
    53.061  -171.341    79.759   348.7    54.4   -91.3   8.7          0      0.104280E+21      0.104280E+21      0.104280E+21      0.104280E+21         0.813384E+21
    53.123  -171.362    79.759   348.7    54.4    -3.8  10.3          1      0.150660E+23      0.147270E+23      0.136080E+23      0.114180E+24         0.307283E+24
    52.493  -171.259    70.000   348.7    54.4   -91.3  10.0          0      0.104280E+21      0.104280E+21      0.104280E+21      0.104280E+21         0.813384E+21
    52.554  -171.279    70.000   348.7    54.4   -91.3   8.0          0      0.104280E+21      0.104280E+21      0.104280E+21      0.104280E+21         0.813384E+21
    52.616  -171.300    70.000   348.7    54.4   -91.3   6.0          0      0.104280E+21      0.104280E+21      0.104280E+21      0.104280E+21         0.813384E+21
    52.678  -171.320    70.000   348.7    54.4   -74.3   4.4          2      0.182190E+24      0.502820E+23      0.128870E+23      0.155790E+23         0.508829E+24
    52.740  -171.341    70.000   348.7    54.4   -64.1   2.2         19      0.170630E+25      0.297420E+24      0.180370E+23      0.202590E+23         0.398193E+25
    52.505  -171.157    79.759   348.7    54.4   -91.3  10.3          0      0.104280E+21      0.104280E+21      0.104280E+21      0.104280E+21         0.813384E+21
    52.864  -171.382    70.000   348.7    54.4   -83.9   3.3          6      0.615520E+24      0.141800E+23      0.185210E+23      0.130070E+23         0.128939E+25
    52.925  -171.402    70.000   348.7    54.4   -91.3   4.0          0      0.104280E+21      0.104280E+21      0.104280E+21      0.104280E+21         0.813384E+21
    52.987  -171.423    70.000   348.7    54.4    -1.6  10.3          2      0.159230E+23      0.124220E+23      0.177390E+23      0.196350E+24         0.472746E+24
    53.049  -171.443    70.000   348.7    54.4   -91.3   8.0          0      0.104280E+21      0.104280E+21      0.104280E+21      0.104280E+21         0.813384E+21
    53.111  -171.464    70.000   348.7    54.4    -2.5  10.1          1      0.131930E+23      0.166650E+23      0.187720E+23      0.513090E+23         0.194881E+24
    52.480  -171.361    60.241   348.7    54.4   -91.3  10.3          0      0.104280E+21      0.104280E+21      0.104280E+21      0.104280E+21         0.813384E+21
    52.542  -171.381    60.241   348.7    54.4   -91.3   8.7          0      0.104280E+21      0.104280E+21      0.104280E+21      0.104280E+21         0.813384E+21
    52.604  -171.402    60.241   348.7    54.4   -91.3   6.9          0      0.104280E+21      0.104280E+21      0.104280E+21      0.104280E+21         0.813384E+21
    52.666  -171.422    60.241   348.7    54.4   -91.2   6.3          2      0.719270E+23      0.704210E+23      0.588050E+23      0.142400E+23         0.420016E+24
    52.728  -171.443    60.241   348.7    54.4   -91.1   4.4          1      0.203830E+23      0.149570E+23      0.144180E+23      0.158420E+23         0.127920E+24
    52.789  -171.463    60.241   348.7    54.4   -37.7  10.2          1      0.181760E+23      0.566960E+23      0.292140E+23      0.294080E+23         0.260313E+24
    52.851  -171.484    60.241   348.7    54.4   -35.2   9.4          2      0.139080E+23      0.252260E+23      0.120820E+24      0.262610E+23         0.363119E+24
    52.913  -171.504    60.241   348.7    54.4   -91.3   5.3          0      0.104280E+21      0.104280E+21      0.104280E+21      0.104280E+21         0.813384E+21
    52.975  -171.525    60.241   348.7    54.4    -5.7  10.3          1      0.136580E+23      0.143820E+23      0.152720E+23      0.205190E+23         0.124470E+24
    53.037  -171.545    60.241   348.7    54.4   -91.3   8.7          0      0.104280E+21      0.104280E+21      0.104280E+21      0.104280E+21         0.813384E+21
    53.098  -171.566    60.241   348.7    54.4   -19.0  10.3          1      0.157370E+23      0.114910E+23      0.150020E+23      0.401680E+23         0.160676E+24
    52.468  -171.463    50.483   348.7    54.4   -91.3  10.3          0      0.104280E+21      0.104280E+21      0.104280E+21      0.104280E+21         0.813384E+21
    52.530  -171.484    50.483   348.7    54.4   -91.3  10.3          0      0.104280E+21      0.104280E+21      0.104280E+21      0.104280E+21         0.813384E+21
    52.592  -171.504    50.483   348.7    54.4   -91.3   9.1          0      0.104280E+21      0.104280E+21      0.104280E+21      0.104280E+21         0.813384E+21
    52.653  -171.524    50.483   348.7    54.4   -56.0  10.1          2      0.186030E+24      0.513250E+23      0.163690E+23      0.153660E+23         0.524725E+24
    52.715  -171.545    50.483   348.7    54.4   -55.1  10.1          2      0.192730E+24      0.298490E+23      0.128420E+23      0.137010E+23         0.485788E+24
    52.777  -171.565    50.483   348.7    54.4   -19.9  10.0          1      0.134460E+23      0.198530E+23      0.142990E+23      0.214380E+23         0.134620E+24
    52.839  -171.586    50.483   348.7    54.4   -17.4  10.0          1      0.145560E+23      0.138660E+23      0.189530E+23      0.171730E+23         0.125869E+24
    52.901  -171.606    50.483   348.7    54.4   -91.3   7.9          0      0.104280E+21      0.104280E+21      0.104280E+21      0.104280E+21         0.813384E+21
    52.962  -171.627    50.483   348.7    54.4   -19.0  10.0          1      0.171790E+23      0.176160E+23      0.178770E+23      0.170500E+23         0.135958E+24
    53.024  -171.647    50.483   348.7    54.4   -91.3  10.3          0      0.104280E+21      0.104280E+21      0.104280E+21      0.104280E+21         0.813384E+21
    53.086  -171.668    50.483   348.7    54.4   -71.2  10.3          8      0.136360E+23      0.151670E+23      0.428840E+23      0.761790E+24         0.162528E+25
    52.455  -171.565    40.724   348.7    54.4   -91.3  10.3          0      0.104280E+21      0.104280E+21      0.104280E+21      0.104280E+21         0.813384E+21
    52.517  -171.586    40.724   348.7    54.4   -91.3  10.3          0      0.104280E+21      0.104280E+21      0.104280E+21      0.104280E+21         0.813384E+21
    52.579  -171.606    40.724   348.7    54.4   -91.3  10.3          0      0.104280E+21      0.104280E+21      0.104280E+21      0.104280E+21         0.813384E+21
    52.641  -171.627    40.724   348.7    54.4    -1.8  10.3          1      0.245760E+23      0.281190E+23      0.183270E+23      0.165290E+23         0.170724E+24
    52.703  -171.647    40.724   348.7    54.4    -1.4  10.3          1      0.144930E+23      0.456290E+23      0.226710E+23      0.379230E+23         0.235396E+24
    52.765  -171.667    40.724   348.7    54.4    -2.2  10.3          1      0.160000E+23      0.161350E+23      0.142060E+23      0.245490E+23         0.138236E+24
    52.826  -171.688    40.724   348.7    54.4    -3.3  10.3          1      0.144530E+23      0.149650E+23      0.158290E+23      0.157690E+23         0.118981E+24
    52.888  -171.708    40.724   348.7    54.4   -91.3  10.3          0      0.104280E+21      0.104280E+21      0.104280E+21      0.104280E+21         0.813384E+21
    52.950  -171.729    40.724   348.7    54.4   -56.0  10.3          1      0.149390E+23      0.175130E+23      0.179500E+23      0.381200E+23         0.172618E+24
    53.012  -171.749    40.724   348.7    54.4   -91.3  10.3          0      0.104280E+21      0.104280E+21      0.104280E+21      0.104280E+21         0.813384E+21
    53.074  -171.770    40.724   348.7    54.4   -14.1  10.3          4      0.131310E+23      0.135470E+23      0.226170E+23      0.428520E+24         0.931739E+24
