 RECTANGULAR fault MODEL

All subfaults are  23.0 km long along strike and
  5.9 km wide along dip

Model length along strike is  345.0 km

Model width along dip is   29.5 km

 Corners of the rectangular dislocation model (lat, lon):
    -8.698   122.868 : corner 1
    -7.989   119.820 : corner 2
    -7.878   119.847 : corner 3
    -8.586   122.894 : corner 4


 Number of elementary moment rate
 isoceles triangular functions
 per subfault:            4

 Half duration of elementary moment rate
 isoceles triangular functions (s):    5.28999996    

 seismic moment rate unit: dyne.cm
 (1 dyne.cm = 10E-7 N.m)


 Seismic moment is converted into slip
 using a single constant value for the
shear modulus mu of  0.250E+12 dyne/cm2
 assumed to be constant and characteristic
 of the fault shear zone


 "Lat, lon, depth" below are the coord                          in degrees of the subfaults centers

 "rake" (degrees) is the slip angle (Aki"s convention,
 e.g. rake=+45 means left-lateral-reverse movement.

 "ontime" is the rupture onset time in seconds of the subfault.

 amp1, amp2, amp3 and amp4 are the amplitudes
 of the isoceles triangular functions representing
 the moment rate function. Triangles are
 overlapping each other by half

 ************************************************
 Total seismic moment M0=    4.75652690E+27  dyne.cm
 ************************************************

 ================================================

      Lat     Lon      depth(km) strike    dip    rake  ontime       slip(cm)  amp1(dyne.cm/s) amp2(dyne.cm/s) amp3(dyne.cm/s)         	amp4(dyne.cm/s)       M0_subf

    -8.310   121.352     8.000   283.2    64.4   102.5   0.0        550      0.167440E+25      0.326610E+26      0.412080E+24      0.535000E+24         0.186644E+27 : hypocenter
    -8.527   122.587    23.963   283.2    64.4    59.1  39.8          0      0.489880E+21      0.489880E+21      0.489880E+21      0.489880E+21         0.103659E+23
    -8.479   122.384    23.963   283.2    64.4   113.0  33.9         71      0.162250E+25      0.501320E+24      0.112460E+25      0.130640E+25         0.240950E+26
    -8.432   122.181    23.963   283.2    64.4    59.1  26.8          0      0.489880E+21      0.489880E+21      0.489880E+21      0.489880E+21         0.103659E+23
    -8.385   121.977    23.963   283.2    64.4    59.1  20.4          0      0.489880E+21      0.489880E+21      0.489880E+21      0.489880E+21         0.103659E+23
    -8.338   121.774    23.963   283.2    64.4   107.0  22.3        128      0.530430E+25      0.208630E+25      0.589070E+24      0.204710E+24         0.432954E+26
    -8.290   121.571    23.963   283.2    64.4    86.0  13.8        212      0.826290E+25      0.500610E+24      0.343190E+25      0.139870E+25         0.719128E+26
    -8.243   121.368    23.963   283.2    64.4    98.9   6.5        375      0.122770E+26      0.198540E+25      0.590280E+25      0.387290E+25         0.127162E+27
    -8.196   121.165    23.963   283.2    64.4    88.6  18.9        482      0.267240E+26      0.407180E+25      0.671070E+23      0.707580E+23         0.163639E+27
    -8.149   120.962    23.963   283.2    64.4    79.2  22.3        407      0.129580E+26      0.108820E+26      0.220190E+25      0.820830E+23         0.138196E+27
    -8.101   120.758    23.963   283.2    64.4   119.1  23.7        436      0.155170E+26      0.376110E+25      0.538380E+25      0.328480E+25         0.147838E+27
    -8.054   120.555    23.963   283.2    64.4    87.9  32.8        429      0.184940E+26      0.408590E+25      0.487980E+25      0.777440E+23         0.145673E+27
    -8.007   120.352    23.963   283.2    64.4    59.1  33.2          0      0.489880E+21      0.489880E+21      0.489880E+21      0.489880E+21         0.103659E+23
    -7.960   120.149    23.963   283.2    64.4    70.8  41.8        158      0.651250E+25      0.124420E+24      0.343250E+25      0.750690E+23         0.536644E+26
    -7.912   119.946    23.963   283.2    64.4    59.1  41.9          0      0.489880E+21      0.489880E+21      0.489880E+21      0.489880E+21         0.103659E+23
    -8.596   122.785    18.642   283.2    64.4   109.2  41.9         84      0.772950E+23      0.189010E+25      0.739190E+23      0.333140E+25         0.284217E+26
    -8.549   122.582    18.642   283.2    64.4    59.1  39.6          0      0.489880E+21      0.489880E+21      0.489880E+21      0.489880E+21         0.103659E+23
    -8.502   122.378    18.642   283.2    64.4   146.4  37.0         61      0.156990E+25      0.166790E+24      0.116620E+25      0.101240E+25         0.207119E+26
    -8.454   122.175    18.642   283.2    64.4    59.1  26.5          0      0.489880E+21      0.489880E+21      0.489880E+21      0.489880E+21         0.103659E+23
    -8.407   121.972    18.642   283.2    64.4    59.1  20.0          0      0.489880E+21      0.489880E+21      0.489880E+21      0.489880E+21         0.103659E+23
    -8.360   121.769    18.642   283.2    64.4   122.5  22.4        126      0.394910E+25      0.773540E+24      0.195170E+25      0.138180E+25         0.426170E+26
    -8.313   121.566    18.642   283.2    64.4    83.9   7.9        197      0.350260E+25      0.690770E+25      0.144780E+25      0.770720E+24         0.668065E+26
    -8.265   121.363    18.642   283.2    64.4    96.2   7.9        465      0.254890E+26      0.981480E+24      0.326510E+25      0.956720E+23         0.157807E+27
    -8.218   121.159    18.642   283.2    64.4   102.9  11.8        373      0.804510E+25      0.225900E+25      0.717930E+25      0.642140E+25         0.126456E+27
    -8.171   120.956    18.642   283.2    64.4    98.7  16.9        402      0.124850E+26      0.120710E+25      0.780200E+25      0.430580E+25         0.136481E+27
    -8.124   120.753    18.642   283.2    64.4   133.1  22.4        423      0.486580E+25      0.128110E+26      0.166500E+24      0.931050E+25         0.143644E+27
    -8.076   120.550    18.642   283.2    64.4    99.2  28.9        357      0.103040E+26      0.706610E+25      0.255130E+25      0.295620E+25         0.121022E+27
    -8.029   120.347    18.642   283.2    64.4    59.1  33.0          0      0.489880E+21      0.489880E+21      0.489880E+21      0.489880E+21         0.103659E+23
    -7.982   120.144    18.642   283.2    64.4    64.9  41.8        123      0.493430E+25      0.625140E+24      0.228580E+25      0.733090E+23         0.418891E+26
    -7.935   119.940    18.642   283.2    64.4    59.1  41.9          0      0.489880E+21      0.489880E+21      0.489880E+21      0.489880E+21         0.103659E+23
    -8.618   122.779    13.321   283.2    64.4   141.9  41.9        155      0.155810E+24      0.413560E+25      0.639730E+23      0.560820E+25         0.527074E+26
    -8.571   122.576    13.321   283.2    64.4    59.1  39.5          0      0.489880E+21      0.489880E+21      0.489880E+21      0.489880E+21         0.103659E+23
    -8.524   122.373    13.321   283.2    64.4   141.3  38.0         73      0.169990E+25      0.663210E+24      0.161010E+25      0.686480E+24         0.246498E+26
    -8.477   122.170    13.321   283.2    64.4    59.1  26.3          0      0.489880E+21      0.489880E+21      0.489880E+21      0.489880E+21         0.103659E+23
    -8.429   121.967    13.321   283.2    64.4    59.1  19.8          0      0.489880E+21      0.489880E+21      0.489880E+21      0.489880E+21         0.103659E+23
    -8.382   121.764    13.321   283.2    64.4   102.7  41.8        227      0.533200E+25      0.879740E+25      0.112150E+24      0.289100E+24         0.768671E+26
    -8.335   121.560    13.321   283.2    64.4   117.6  21.6        304      0.151710E+25      0.768870E+25      0.420030E+25      0.610480E+25         0.103213E+27
    -8.288   121.357    13.321   283.2    64.4    87.3   5.4        534      0.251010E+26      0.434980E+25      0.422360E+25      0.566730E+24         0.181136E+27
    -8.240   121.154    13.321   283.2    64.4    83.3  11.8        455      0.113690E+26      0.126330E+26      0.370780E+25      0.149740E+25         0.154506E+27
    -8.193   120.951    13.321   283.2    64.4   106.7  17.2        412      0.138520E+26      0.480520E+25      0.736560E+25      0.399300E+24         0.139773E+27
    -8.146   120.748    13.321   283.2    64.4    92.0  25.5        466      0.179590E+26      0.909270E+25      0.146240E+24      0.265800E+25         0.157938E+27
    -8.099   120.545    13.321   283.2    64.4    78.3  28.1        358      0.822650E+25      0.326200E+25      0.344060E+25      0.800530E+25         0.121323E+27
    -8.052   120.341    13.321   283.2    64.4    59.1  32.9          0      0.489880E+21      0.489880E+21      0.489880E+21      0.489880E+21         0.103659E+23
    -8.004   120.138    13.321   283.2    64.4    83.2  41.8         95      0.496300E+25      0.723220E+23      0.999230E+24      0.622350E+23         0.322520E+26
    -7.957   119.935    13.321   283.2    64.4    59.1  41.9          0      0.489880E+21      0.489880E+21      0.489880E+21      0.489880E+21         0.103659E+23
    -8.641   122.774     8.000   283.2    64.4    97.9  41.9         67      0.104190E+25      0.214530E+25      0.884000E+24      0.244380E+24         0.228294E+26
    -8.593   122.571     8.000   283.2    64.4    59.1  39.4          0      0.489880E+21      0.489880E+21      0.489880E+21      0.489880E+21         0.103659E+23
    -8.546   122.368     8.000   283.2    64.4   145.6  34.0         97      0.166900E+25      0.260210E+25      0.405640E+24      0.154010E+25         0.328871E+26
    -8.499   122.165     8.000   283.2    64.4    59.1  26.3          0      0.489880E+21      0.489880E+21      0.489880E+21      0.489880E+21         0.103659E+23
    -8.452   121.962     8.000   283.2    64.4    59.1  19.7          0      0.489880E+21      0.489880E+21      0.489880E+21      0.489880E+21         0.103659E+23
    -8.404   121.758     8.000   283.2    64.4    97.0  22.2        216      0.743410E+25      0.467460E+25      0.124500E+25      0.495150E+24         0.732604E+26
    -8.357   121.555     8.000   283.2    64.4   123.3  12.3        364      0.201410E+25      0.112550E+26      0.463450E+25      0.543390E+25         0.123455E+27
    -8.574   122.790    23.963   283.2    64.4    67.5  41.9        132      0.136480E+24      0.112890E+25      0.615060E+23      0.714310E+25         0.448062E+26
    -8.263   121.149     8.000   283.2    64.4   115.2  11.9        418      0.129770E+26      0.101050E+26      0.224180E+25      0.146590E+25         0.141718E+27
    -8.216   120.946     8.000   283.2    64.4    74.7  27.5        398      0.119700E+26      0.597040E+25      0.618830E+24      0.696790E+25         0.135039E+27
    -8.168   120.742     8.000   283.2    64.4   103.0  27.5        355      0.125310E+26      0.464970E+25      0.451460E+25      0.105260E+25         0.120336E+27
    -8.121   120.539     8.000   283.2    64.4   107.2  41.5        274      0.534530E+25      0.789820E+25      0.189610E+25      0.243560E+25         0.929728E+26
    -8.074   120.336     8.000   283.2    64.4    59.1  32.9          0      0.489880E+21      0.489880E+21      0.489880E+21      0.489880E+21         0.103659E+23
    -8.027   120.133     8.000   283.2    64.4    89.3  41.9         79      0.470870E+25      0.738700E+23      0.780040E+23      0.226440E+24         0.269103E+26
    -7.979   119.930     8.000   283.2    64.4    59.1  41.9          0      0.489880E+21      0.489880E+21      0.489880E+21      0.489880E+21         0.103659E+23
    -8.663   122.769     2.679   283.2    64.4   111.2  41.9        102      0.233510E+25      0.369990E+25      0.454350E+24      0.697460E+23         0.346976E+26
    -8.616   122.566     2.679   283.2    64.4    59.1  39.5          0      0.489880E+21      0.489880E+21      0.489880E+21      0.489880E+21         0.103659E+23
    -8.568   122.363     2.679   283.2    64.4   135.2  36.6         71      0.266000E+24      0.719720E+24      0.247660E+24      0.330970E+25         0.240329E+26
    -8.521   122.159     2.679   283.2    64.4    59.1  26.3          0      0.489880E+21      0.489880E+21      0.489880E+21      0.489880E+21         0.103659E+23
    -8.474   121.956     2.679   283.2    64.4    59.1  19.8          0      0.489880E+21      0.489880E+21      0.489880E+21      0.489880E+21         0.103659E+23
    -8.427   121.753     2.679   283.2    64.4   105.6  22.4        266      0.787140E+25      0.599970E+25      0.801590E+23      0.308640E+25         0.901292E+26
    -8.380   121.550     2.679   283.2    64.4    99.1  18.3        367      0.336290E+25      0.790180E+25      0.103750E+26      0.192700E+25         0.124668E+27
    -8.332   121.347     2.679   283.2    64.4   110.9   2.4        434      0.195770E+26      0.167320E+25      0.408250E+25      0.247430E+25         0.147099E+27
    -8.285   121.144     2.679   283.2    64.4    74.9  18.5        442      0.188830E+26      0.820130E+25      0.436440E+24      0.849260E+24         0.150077E+27
    -8.238   120.940     2.679   283.2    64.4   102.4  41.8        342      0.896140E+25      0.589210E+25      0.984050E+24      0.606560E+25         0.115868E+27
    -8.191   120.737     2.679   283.2    64.4   125.1  20.4        309      0.547070E+25      0.814740E+25      0.316490E+25      0.302670E+25         0.104793E+27
    -8.143   120.534     2.679   283.2    64.4   115.1  31.4        259      0.108330E+26      0.839520E+24      0.372180E+25      0.123150E+25         0.879506E+26
    -8.096   120.331     2.679   283.2    64.4    59.1  32.9          0      0.489880E+21      0.489880E+21      0.489880E+21      0.489880E+21         0.103659E+23
    -8.049   120.128     2.679   283.2    64.4    61.0  39.6         90      0.189710E+24      0.697890E+24      0.684460E+23      0.478960E+25         0.303945E+26
    -8.002   119.925     2.679   283.2    64.4    59.1  41.9          0      0.489880E+21      0.489880E+21      0.489880E+21      0.489880E+21         0.103659E+23
