 RECTANGULAR fault MODEL

All subfaults are  23.0 km long along strike and
  9.8 km wide along dip

Model length along strike is  345.0 km

Model width along dip is   49.0 km

 Corners of the rectangular dislocation model (lat, lon):
    -8.579   119.798 : corner 1
    -7.673   122.792 : corner 2
    -8.041   122.906 : corner 3
    -8.947   119.912 : corner 4


 Number of elementary moment rate
 isoceles triangular functions
 per subfault:            4

 Half duration of elementary moment rate
 isoceles triangular functions (s):    5.28999996    

 seismic moment rate unit: dyne.cm
 (1 dyne.cm = 10E-7 N.m)


 Seismic moment is converted into slip
 using a single constant value for the
shear modulus mu of  0.250E+12 dyne/cm2
 assumed to be constant and characteristic
 of the fault shear zone


 "Lat, lon, depth" below are the coord                          in degrees of the subfaults centers

 "rake" (degrees) is the slip angle (Aki"s convention,
 e.g. rake=+45 means left-lateral-reverse movement.

 "ontime" is the rupture onset time in seconds of the subfault.

 amp1, amp2, amp3 and amp4 are the amplitudes
 of the isoceles triangular functions representing
 the moment rate function. Triangles are
 overlapping each other by half

 ************************************************
 Total seismic moment M0=    4.97630171E+27  dyne.cm
 ************************************************

 ================================================

      Lat     Lon      depth(km) strike    dip    rake  ontime       slip(cm)  amp1(dyne.cm/s) amp2(dyne.cm/s) amp3(dyne.cm/s)         	amp4(dyne.cm/s)       M0_subf

    -8.310   121.352    12.000    73.0    29.0    64.8   0.0        382      0.899470E+25      0.151850E+26      0.139610E+26      0.255500E+25         0.215280E+27 : hypocenter
    -8.819   120.200    21.502    73.0    29.0    18.0  39.8          0      0.813710E+21      0.813710E+21      0.813710E+21      0.813710E+21         0.172181E+23
    -8.759   120.400    21.502    73.0    29.0    18.0  33.3          0      0.813710E+21      0.813710E+21      0.813710E+21      0.813710E+21         0.172181E+23
    -8.699   120.599    21.502    73.0    29.0    18.1  37.2        146      0.278590E+25      0.353960E+25      0.691810E+24      0.849240E+25         0.820464E+26
    -8.638   120.799    21.502    73.0    29.0    80.3  27.7        187      0.834050E+25      0.454510E+25      0.551500E+24      0.652110E+25         0.105579E+27
    -8.578   120.998    21.502    73.0    29.0    66.6  39.3        260      0.587180E+25      0.308030E+25      0.109450E+26      0.775520E+25         0.146281E+27
    -8.518   121.198    21.502    73.0    29.0    54.5  17.1        258      0.183840E+26      0.155220E+25      0.140760E+25      0.615300E+25         0.145458E+27
    -8.457   121.397    21.502    73.0    29.0    51.6  11.7        278      0.220690E+26      0.511500E+25      0.206720E+25      0.343330E+24         0.156555E+27
    -8.397   121.597    21.502    73.0    29.0   104.3  17.4         98      0.777970E+25      0.509020E+24      0.584500E+24      0.151840E+25         0.549717E+26
    -8.336   121.797    21.502    73.0    29.0   106.7  22.2        156      0.919840E+25      0.482840E+25      0.235650E+25      0.263880E+24         0.880636E+26
    -8.276   121.996    21.502    73.0    29.0    18.0  20.5          0      0.813710E+21      0.813710E+21      0.813710E+21      0.813710E+21         0.172181E+23
    -8.216   122.196    21.502    73.0    29.0    70.4  27.5         11      0.751790E+24      0.113140E+24      0.113750E+24      0.162490E+24         0.603679E+25
    -8.155   122.395    21.502    73.0    29.0    93.3  41.9         30      0.112440E+25      0.875900E+24      0.291820E+24      0.854210E+24         0.166441E+26
    -8.095   122.595    21.502    73.0    29.0    97.3  41.9         32      0.101510E+24      0.813210E+24      0.149850E+24      0.234110E+25         0.180160E+26
    -8.035   122.795    21.502    73.0    29.0    18.0  41.9          0      0.813710E+21      0.813710E+21      0.813710E+21      0.813710E+21         0.172181E+23
    -8.806   119.978    16.751    73.0    29.0    18.0  41.9          0      0.813710E+21      0.813710E+21      0.813710E+21      0.813710E+21         0.172181E+23
    -8.746   120.177    16.751    73.0    29.0    18.0  39.5          0      0.813710E+21      0.813710E+21      0.813710E+21      0.813710E+21         0.172181E+23
    -8.685   120.377    16.751    73.0    29.0    18.0  33.0          0      0.813710E+21      0.813710E+21      0.813710E+21      0.813710E+21         0.172181E+23
    -8.625   120.576    16.751    73.0    29.0    24.5  32.8        215      0.583510E+25      0.102660E+26      0.476790E+25      0.205450E+25         0.121265E+27
    -8.565   120.776    16.751    73.0    29.0    40.6  28.8        195      0.117400E+25      0.902030E+25      0.748900E+24      0.983490E+25         0.109916E+27
    -8.504   120.976    16.751    73.0    29.0    48.2  18.3        220      0.268710E+25      0.722920E+25      0.241240E+25      0.111200E+26         0.124044E+27
    -8.444   121.175    16.751    73.0    29.0    48.0   7.8        325      0.140240E+26      0.162570E+26      0.960210E+24      0.335960E+25         0.183038E+27
    -8.384   121.375    16.751    73.0    29.0    69.1   8.5        371      0.256110E+26      0.111460E+26      0.894020E+24      0.181590E+25         0.208780E+27
    -8.323   121.574    16.751    73.0    29.0    72.2  24.9        128      0.791090E+25      0.386260E+25      0.453510E+24      0.140620E+25         0.721197E+26
    -8.263   121.774    16.751    73.0    29.0    37.3  35.3         77      0.409050E+25      0.161260E+25      0.432760E+24      0.208090E+25         0.434667E+26
    -8.202   121.973    16.751    73.0    29.0    18.0  19.9          0      0.813710E+21      0.813710E+21      0.813710E+21      0.813710E+21         0.172181E+23
    -8.142   122.173    16.751    73.0    29.0    33.2  41.9         10      0.257790E+24      0.599630E+24      0.103030E+24      0.978160E+23         0.559823E+25
    -8.082   122.373    16.751    73.0    29.0    93.9  38.2         19      0.512760E+24      0.946190E+23      0.118690E+25      0.197830E+24         0.105383E+26
    -8.021   122.572    16.751    73.0    29.0   107.1  40.6         20      0.103430E+24      0.124410E+25      0.100510E+24      0.715080E+24         0.114429E+26
    -7.961   122.772    16.751    73.0    29.0    18.0  41.9          0      0.813710E+21      0.813710E+21      0.813710E+21      0.813710E+21         0.172181E+23
    -8.733   119.955    12.000    73.0    29.0    18.0  41.9          0      0.813710E+21      0.813710E+21      0.813710E+21      0.813710E+21         0.172181E+23
    -8.672   120.154    12.000    73.0    29.0    18.0  39.4          0      0.813710E+21      0.813710E+21      0.813710E+21      0.813710E+21         0.172181E+23
    -8.612   120.354    12.000    73.0    29.0    18.0  32.9          0      0.813710E+21      0.813710E+21      0.813710E+21      0.813710E+21         0.172181E+23
    -8.552   120.554    12.000    73.0    29.0    72.8  30.5        211      0.648020E+25      0.851960E+25      0.332810E+24      0.714240E+25         0.118893E+27
    -8.491   120.753    12.000    73.0    29.0    72.9  27.5        249      0.111980E+26      0.783370E+25      0.501880E+25      0.249780E+25         0.140441E+27
    -8.431   120.953    12.000    73.0    29.0    73.2  18.3        289      0.139200E+26      0.775850E+25      0.696330E+25      0.209700E+25         0.162608E+27
    -8.370   121.152    12.000    73.0    29.0    86.4   9.9        282      0.195980E+25      0.170060E+26      0.850580E+25      0.253810E+25         0.158751E+27
    -8.880   120.000    21.502    73.0    29.0    18.0  41.9          0      0.813710E+21      0.813710E+21      0.813710E+21      0.813710E+21         0.172181E+23
    -8.250   121.552    12.000    73.0    29.0    39.7   7.8        144      0.370330E+25      0.966320E+25      0.769380E+24      0.124330E+25         0.813559E+26
    -8.189   121.751    12.000    73.0    29.0    82.7  41.7        100      0.292850E+25      0.642650E+24      0.182250E+25      0.525240E+25         0.563176E+26
    -8.129   121.951    12.000    73.0    29.0    18.0  19.7          0      0.813710E+21      0.813710E+21      0.813710E+21      0.813710E+21         0.172181E+23
    -8.068   122.150    12.000    73.0    29.0    39.1  32.3         27      0.233780E+24      0.993540E+23      0.879690E+24      0.162530E+25         0.150137E+26
    -8.008   122.350    12.000    73.0    29.0    97.5  36.0         19      0.109070E+25      0.111570E+24      0.747270E+24      0.101750E+24         0.108513E+26
    -7.948   122.550    12.000    73.0    29.0    97.3  39.7         36      0.352460E+24      0.500380E+24      0.109870E+24      0.285320E+25         0.201862E+26
    -7.887   122.749    12.000    73.0    29.0    18.0  41.9          0      0.813710E+21      0.813710E+21      0.813710E+21      0.813710E+21         0.172181E+23
    -8.659   119.932     7.249    73.0    29.0    18.0  41.9          0      0.813710E+21      0.813710E+21      0.813710E+21      0.813710E+21         0.172181E+23
    -8.599   120.132     7.249    73.0    29.0    18.0  39.5          0      0.813710E+21      0.813710E+21      0.813710E+21      0.813710E+21         0.172181E+23
    -8.538   120.331     7.249    73.0    29.0    18.0  33.0          0      0.813710E+21      0.813710E+21      0.813710E+21      0.813710E+21         0.172181E+23
    -8.478   120.531     7.249    73.0    29.0    68.1  32.8        256      0.145140E+26      0.859170E+25      0.106950E+25      0.304370E+25         0.143988E+27
    -8.418   120.730     7.249    73.0    29.0    91.9  22.4        284      0.982220E+25      0.136100E+26      0.640060E+25      0.449760E+24         0.160195E+27
    -8.357   120.930     7.249    73.0    29.0    76.3  40.6        241      0.436990E+25      0.853010E+25      0.775840E+25      0.496450E+25         0.135545E+27
    -8.297   121.130     7.249    73.0    29.0    27.9  15.0        400      0.175550E+26      0.111520E+26      0.137940E+26      0.108000E+24         0.225402E+27
    -8.236   121.329     7.249    73.0    29.0    51.8   6.5        380      0.248650E+26      0.809550E+25      0.186600E+25      0.568880E+25         0.214326E+27
    -8.176   121.529     7.249    73.0    29.0    80.3  10.4        217      0.102430E+26      0.108270E+24      0.988600E+25      0.292790E+25         0.122544E+27
    -8.116   121.728     7.249    73.0    29.0    52.8  20.8        112      0.320740E+24      0.434080E+25      0.369070E+25      0.356490E+25         0.630417E+26
    -8.055   121.928     7.249    73.0    29.0    18.0  19.9          0      0.813710E+21      0.813710E+21      0.813710E+21      0.813710E+21         0.172181E+23
    -7.995   122.128     7.249    73.0    29.0    47.8  27.5         19      0.977420E+24      0.126940E+24      0.806680E+24      0.123680E+24         0.107637E+26
    -7.935   122.327     7.249    73.0    29.0    49.6  33.4         36      0.113390E+24      0.124910E+24      0.235620E+24      0.335240E+25         0.202412E+26
    -7.874   122.527     7.249    73.0    29.0    70.4  40.6         17      0.391410E+24      0.113480E+24      0.853150E+24      0.401800E+24         0.930955E+25
    -7.814   122.726     7.249    73.0    29.0    18.0  41.9          0      0.813710E+21      0.813710E+21      0.813710E+21      0.813710E+21         0.172181E+23
    -8.585   119.909     2.498    73.0    29.0    18.0  41.9          0      0.813710E+21      0.813710E+21      0.813710E+21      0.813710E+21         0.172181E+23
    -8.525   120.109     2.498    73.0    29.0    18.0  39.8          0      0.813710E+21      0.813710E+21      0.813710E+21      0.813710E+21         0.172181E+23
    -8.465   120.309     2.498    73.0    29.0    18.0  33.3          0      0.813710E+21      0.813710E+21      0.813710E+21      0.813710E+21         0.172181E+23
    -8.404   120.508     2.498    73.0    29.0    78.6  30.4        369      0.375950E+26      0.146890E+25      0.135150E+24      0.117140E+24         0.207983E+27
    -8.344   120.708     2.498    73.0    29.0    47.3  25.9        297      0.148310E+26      0.133170E+26      0.252040E+24      0.319970E+25         0.167163E+27
    -8.284   120.907     2.498    73.0    29.0    90.4  32.7        185      0.780780E+25      0.284890E+25      0.616050E+25      0.292890E+25         0.104457E+27
    -8.223   121.107     2.498    73.0    29.0    85.9  23.0        280      0.116360E+26      0.840340E+25      0.328510E+25      0.649780E+25         0.157760E+27
    -8.163   121.307     2.498    73.0    29.0    42.1   7.9        435      0.281180E+26      0.133880E+26      0.475070E+25      0.117650E+24         0.245320E+27
    -8.102   121.506     2.498    73.0    29.0    73.0  20.9        211      0.102180E+26      0.301300E+25      0.786990E+25      0.133850E+25         0.118704E+27
    -8.042   121.706     2.498    73.0    29.0    36.3  24.8        107      0.367320E+25      0.455700E+25      0.278120E+25      0.339770E+24         0.600477E+26
    -7.982   121.905     2.498    73.0    29.0    18.0  20.5          0      0.813710E+21      0.813710E+21      0.813710E+21      0.813710E+21         0.172181E+23
    -7.921   122.105     2.498    73.0    29.0    37.9  28.8         65      0.255560E+25      0.105180E+24      0.204450E+25      0.222830E+25         0.366786E+26
    -7.861   122.304     2.498    73.0    29.0    39.6  41.9         76      0.109340E+24      0.683890E+24      0.120190E+24      0.713140E+25         0.425571E+26
    -7.801   122.504     2.498    73.0    29.0    67.5  41.9         72      0.943970E+23      0.103320E+24      0.576000E+24      0.684260E+25         0.402903E+26
    -7.740   122.704     2.498    73.0    29.0    18.0  41.9          0      0.813710E+21      0.813710E+21      0.813710E+21      0.813710E+21         0.172181E+23
