 RECTANGULAR fault MODEL

All subfaults are   7.0 km long along strike and
 12.0 km wide along dip

Model length along strike is   77.0 km

Model width along dip is   60.0 km

 Corners of the rectangular dislocation model (lat, lon):
   -14.950   -73.875 : corner 1
   -14.267   -73.762 : corner 2
   -14.334   -73.331 : corner 3
   -15.016   -73.444 : corner 4


 Number of elementary moment rate
 isoceles triangular functions
 per subfault:            4

 Half duration of elementary moment rate
 isoceles triangular functions (s):    2.10999990    

 seismic moment rate unit: dyne.cm
 (1 dyne.cm = 10E-7 N.m)


 Seismic moment is converted into slip
 using a single constant value for the
shear modulus mu of  0.250E+12 dyne/cm2
 assumed to be constant and characteristic
 of the fault shear zone


 "Lat, lon, depth" below are the coord                          in degrees of the subfaults centers

 "rake" (degrees) is the slip angle (Aki"s convention,
 e.g. rake=+45 means left-lateral-reverse movement.

 "ontime" is the rupture onset time in seconds of the subfault.

 amp1, amp2, amp3 and amp4 are the amplitudes
 of the isoceles triangular functions representing
 the moment rate function. Triangles are
 overlapping each other by half

 ************************************************
 Total seismic moment M0=    6.23845181E+25  dyne.cm
 ************************************************

 ================================================

      Lat     Lon      depth(km) strike    dip    rake  ontime       slip(cm)  amp1(dyne.cm/s) amp2(dyne.cm/s) amp3(dyne.cm/s)         	amp4(dyne.cm/s)       M0_subf

   -14.642   -73.603   103.000     9.1    38.4   -95.5   0.0         47      0.367750E+25      0.927470E+24      0.154750E+23      0.161850E+23         0.978329E+25 : hypocenter
   -14.917   -73.472   117.899     9.1    38.4  -149.2  10.5          0      0.112970E+21      0.112970E+21      0.112970E+21      0.112970E+21         0.953467E+21
   -14.855   -73.461   117.899     9.1    38.4  -149.2   9.1          0      0.112970E+21      0.112970E+21      0.112970E+21      0.112970E+21         0.953467E+21
   -14.793   -73.451   117.899     9.1    38.4   -74.2   9.3          1      0.309770E+23      0.223000E+23      0.153090E+23      0.221340E+23         0.191419E+24
   -14.731   -73.441   117.899     9.1    38.4   -69.2   8.3          1      0.658430E+23      0.253860E+23      0.237000E+23      0.186930E+23         0.281942E+24
   -14.669   -73.430   117.899     9.1    38.4   -68.2   7.7          2      0.668530E+23      0.391830E+23      0.265650E+23      0.327780E+23         0.348950E+24
   -14.606   -73.420   117.899     9.1    38.4   -62.5   9.3          1      0.535220E+23      0.464000E+23      0.238190E+23      0.227740E+23         0.309147E+24
   -14.544   -73.410   117.899     9.1    38.4   -61.7   9.0          2      0.106980E+24      0.488480E+23      0.340730E+23      0.310560E+23         0.466219E+24
   -14.482   -73.400   117.899     9.1    38.4   -59.5  10.2          3      0.169650E+24      0.750570E+23      0.285040E+23      0.129720E+23         0.603846E+24
   -14.420   -73.389   117.899     9.1    38.4  -149.2  10.5          0      0.112970E+21      0.112970E+21      0.112970E+21      0.112970E+21         0.953467E+21
   -14.358   -73.379   117.899     9.1    38.4  -149.2  10.7          0      0.112970E+21      0.112970E+21      0.112970E+21      0.112970E+21         0.953467E+21
   -14.965   -73.568   110.450     9.1    38.4  -149.2  10.6          0      0.112970E+21      0.112970E+21      0.112970E+21      0.112970E+21         0.953467E+21
   -14.903   -73.558   110.450     9.1    38.4  -149.2   8.7          0      0.112970E+21      0.112970E+21      0.112970E+21      0.112970E+21         0.953467E+21
   -14.841   -73.547   110.450     9.1    38.4  -149.2   6.9          0      0.112970E+21      0.112970E+21      0.112970E+21      0.112970E+21         0.953467E+21
   -14.779   -73.537   110.450     9.1    38.4   -87.4   5.6          8      0.622660E+24      0.699880E+23      0.355830E+23      0.260120E+23         0.159145E+25
   -14.717   -73.527   110.450     9.1    38.4   -71.4   5.3          5      0.419560E+24      0.578120E+23      0.192640E+23      0.363770E+23         0.112466E+25
   -14.655   -73.517   110.450     9.1    38.4   -68.4   5.5          4      0.332040E+24      0.475020E+23      0.485050E+23      0.175000E+23         0.940104E+24
   -14.593   -73.506   110.450     9.1    38.4   -61.9   5.6         10      0.841730E+24      0.569000E+23      0.467360E+23      0.309980E+23         0.206013E+25
   -14.531   -73.496   110.450     9.1    38.4   -60.0   5.5          8      0.630290E+24      0.741710E+23      0.315620E+23      0.246170E+23         0.160495E+25
   -14.469   -73.486   110.450     9.1    38.4   -60.0   7.0          4      0.214660E+24      0.339340E+23      0.728820E+23      0.295730E+23         0.740713E+24
   -14.407   -73.476   110.450     9.1    38.4  -149.2   8.7          0      0.112970E+21      0.112970E+21      0.112970E+21      0.112970E+21         0.953467E+21
   -14.345   -73.465   110.450     9.1    38.4  -149.2  10.6          0      0.112970E+21      0.112970E+21      0.112970E+21      0.112970E+21         0.953467E+21
   -14.952   -73.654   103.000     9.1    38.4  -149.2  10.0          0      0.112970E+21      0.112970E+21      0.112970E+21      0.112970E+21         0.953467E+21
   -14.890   -73.644   103.000     9.1    38.4  -149.2   8.0          0      0.112970E+21      0.112970E+21      0.112970E+21      0.112970E+21         0.953467E+21
   -14.828   -73.634   103.000     9.1    38.4  -149.2   6.0          0      0.112970E+21      0.112970E+21      0.112970E+21      0.112970E+21         0.953467E+21
   -14.766   -73.623   103.000     9.1    38.4  -105.7   5.4          1      0.535860E+23      0.288940E+23      0.190170E+23      0.191940E+23         0.254658E+24
   -14.704   -73.613   103.000     9.1    38.4   -91.0   2.7         16      0.152940E+25      0.274830E+23      0.265430E+23      0.182570E+23         0.337955E+25
   -14.979   -73.482   117.899     9.1    38.4  -149.2  10.7          0      0.112970E+21      0.112970E+21      0.112970E+21      0.112970E+21         0.953467E+21
   -14.580   -73.593   103.000     9.1    38.4   -87.2   2.1         27      0.257490E+25      0.406920E+23      0.284230E+23      0.196290E+23         0.562029E+25
   -14.518   -73.582   103.000     9.1    38.4   -59.4   5.0         13      0.116150E+25      0.299140E+23      0.959340E+23      0.388460E+23         0.279827E+25
   -14.456   -73.572   103.000     9.1    38.4   -73.7   6.3          2      0.570030E+23      0.906310E+23      0.354010E+23      0.161500E+23         0.420280E+24
   -14.394   -73.562   103.000     9.1    38.4  -149.2   8.0          0      0.112970E+21      0.112970E+21      0.112970E+21      0.112970E+21         0.953467E+21
   -14.332   -73.551   103.000     9.1    38.4  -149.2  10.0          0      0.112970E+21      0.112970E+21      0.112970E+21      0.112970E+21         0.953467E+21
   -14.939   -73.740    95.550     9.1    38.4  -149.2  10.6          0      0.112970E+21      0.112970E+21      0.112970E+21      0.112970E+21         0.953467E+21
   -14.877   -73.730    95.550     9.1    38.4  -149.2   8.7          0      0.112970E+21      0.112970E+21      0.112970E+21      0.112970E+21         0.953467E+21
   -14.815   -73.720    95.550     9.1    38.4  -149.2   6.9          0      0.112970E+21      0.112970E+21      0.112970E+21      0.112970E+21         0.953467E+21
   -14.753   -73.710    95.550     9.1    38.4  -107.0  10.2         14      0.238470E+23      0.136790E+24      0.422540E+24      0.843630E+24         0.301056E+25
   -14.690   -73.699    95.550     9.1    38.4   -72.0  10.4         13      0.403320E+23      0.335470E+24      0.705680E+23      0.882130E+24         0.280313E+25
   -14.628   -73.689    95.550     9.1    38.4   -60.5   9.9         10      0.239390E+23      0.308910E+24      0.738730E+23      0.637700E+24         0.220373E+25
   -14.566   -73.679    95.550     9.1    38.4   -62.3   5.9          6      0.221630E+24      0.809610E+23      0.725110E+23      0.220380E+24         0.125647E+25
   -14.504   -73.668    95.550     9.1    38.4   -59.8   5.6         13      0.112810E+25      0.723990E+23      0.269120E+23      0.234370E+23         0.263929E+25
   -14.442   -73.658    95.550     9.1    38.4   -60.2   7.6          3      0.210040E+24      0.330330E+23      0.156320E+23      0.188980E+23         0.585742E+24
   -14.380   -73.648    95.550     9.1    38.4  -149.2   8.7          0      0.112970E+21      0.112970E+21      0.112970E+21      0.112970E+21         0.953467E+21
   -14.318   -73.638    95.550     9.1    38.4  -149.2  10.6          0      0.112970E+21      0.112970E+21      0.112970E+21      0.112970E+21         0.953467E+21
   -14.925   -73.826    88.101     9.1    38.4  -149.2  10.7          0      0.112970E+21      0.112970E+21      0.112970E+21      0.112970E+21         0.953467E+21
   -14.863   -73.816    88.101     9.1    38.4  -149.2  10.5          0      0.112970E+21      0.112970E+21      0.112970E+21      0.112970E+21         0.953467E+21
   -14.801   -73.806    88.101     9.1    38.4  -149.2   9.1          0      0.112970E+21      0.112970E+21      0.112970E+21      0.112970E+21         0.953467E+21
   -14.739   -73.796    88.101     9.1    38.4  -107.8   8.2         39      0.156470E+24      0.151350E+25      0.168270E+25      0.518440E+24         0.816804E+25
   -14.677   -73.785    88.101     9.1    38.4   -73.4   9.8         19      0.193870E+23      0.349760E+24      0.350640E+24      0.115880E+25         0.396382E+25
   -14.615   -73.775    88.101     9.1    38.4   -60.3  10.2         19      0.237610E+23      0.547850E+24      0.717450E+24      0.609150E+24         0.400523E+25
   -14.553   -73.765    88.101     9.1    38.4   -59.6   7.4          3      0.702420E+23      0.631840E+23      0.156420E+24      0.226700E+23         0.659409E+24
   -14.491   -73.755    88.101     9.1    38.4   -60.4   9.7          2      0.114920E+24      0.269620E+23      0.194360E+23      0.188910E+23         0.380241E+24
   -14.429   -73.744    88.101     9.1    38.4   -59.8   9.2          1      0.217650E+23      0.207760E+23      0.162660E+23      0.194580E+23         0.165139E+24
   -14.367   -73.734    88.101     9.1    38.4  -149.2  10.5          0      0.112970E+21      0.112970E+21      0.112970E+21      0.112970E+21         0.953467E+21
   -14.305   -73.724    88.101     9.1    38.4  -149.2  10.7          0      0.112970E+21      0.112970E+21      0.112970E+21      0.112970E+21         0.953467E+21
