2.0
#
# http://equake-rc.info/static/paper/SRF-Description-Graves_2.0.pdf
# RECTANGULAR fault MODEL
#
# All subfaults are   7.0 km long along strike and
#  12.0 km wide along dip
#
# Model length along strike is   77.0 km
#
# Model width along dip is   60.0 km
#
# Corners of the rectangular dislocation model (lat, lon):
#    -14.407   -73.291 : corner 1
#    -15.023   -73.616 : corner 2
#    -14.876   -73.914 : corner 3
#    -14.260   -73.590 : corner 4
#
#
# Number of elementary sliprate
# isoceles triangular functions
# per subfault:   4
#
# Half duration of elementary sliprate
# isoceles triangular functions (s):   2.11
# Triangles are overlapping each other by half
#
# slip rate unit: cm/s
#
#
# Seismic moment is converted into slip
# using a single constant value for the
# shear modulus mu of  0.250E+12 dyne/cm2
# assumed to be constant and characteristic
# of the fault shear zone
#
#
#
# "rake" (degrees) is the slip angle (Aki"s convention,
# e.g. rake=+45 means left-lateral-reverse movement.
#
#
# ************************************************
# Total seismic moment M0=  0.567E+26 dyne.cm
# ************************************************
#
#
PLANE 1
 -73.45350   -14.71500   11    5    77.000    60.000
207.00  53.00    79.041     0.000    30.001
POINTS   55
 -73.60280   -14.64180   103.000  207.00  53.00  0.8400E+12    0.00   2.11  -1  -1   -95.87    87  4   0.0  0   0.0  0
      20.0        21.1         0.1         0.1
 -73.60426   -14.35902   122.167  207.00  53.00  0.8400E+12   10.54   2.11  -1  -1  -124.00     0  4   0.0  0   0.0  0
       0.0         0.0         0.0         0.0
 -73.63374   -14.41500   122.167  207.00  53.00  0.8400E+12   10.32   2.11  -1  -1  -121.41     1  4   0.0  0   0.0  0
       0.1         0.1         0.1         0.1
 -73.66322   -14.47098   122.167  207.00  53.00  0.8400E+12    9.62   2.11  -1  -1  -113.56     1  4   0.0  0   0.0  0
       0.1         0.1         0.1         0.1
 -73.69270   -14.52696   122.167  207.00  53.00  0.8400E+12    8.17   2.11  -1  -1  -120.27     1  4   0.0  0   0.0  0
       0.1         0.1         0.1         0.1
 -73.72218   -14.58294   122.167  207.00  53.00  0.8400E+12    8.55   2.11  -1  -1   -94.55     1  4   0.0  0   0.0  0
       0.1         0.1         0.1         0.1
 -73.75166   -14.63893   122.167  207.00  53.00  0.8400E+12    8.41   2.11  -1  -1  -116.23     1  4   0.0  0   0.0  0
       0.1         0.1         0.1         0.1
 -73.78114   -14.69491   122.167  207.00  53.00  0.8400E+12    8.44   2.11  -1  -1  -100.38     1  4   0.0  0   0.0  0
       0.1         0.1         0.1         0.1
 -73.81063   -14.75089   122.167  207.00  53.00  0.8400E+12    9.11   2.11  -1  -1  -124.00     0  4   0.0  0   0.0  0
       0.0         0.0         0.0         0.0
 -73.84011   -14.80687   122.167  207.00  53.00  0.8400E+12   10.54   2.11  -1  -1  -124.00     0  4   0.0  0   0.0  0
       0.0         0.0         0.0         0.0
 -73.86959   -14.86285   122.167  207.00  53.00  0.8400E+12   10.67   2.11  -1  -1  -124.00     0  4   0.0  0   0.0  0
       0.0         0.0         0.0         0.0
 -73.51508   -14.33247   112.584  207.00  53.00  0.8400E+12   10.57   2.11  -1  -1  -124.00     0  4   0.0  0   0.0  0
       0.0         0.0         0.0         0.0
 -73.54457   -14.38845   112.584  207.00  53.00  0.8400E+12    8.70   2.11  -1  -1  -124.00     0  4   0.0  0   0.0  0
       0.0         0.0         0.0         0.0
 -73.57405   -14.44443   112.584  207.00  53.00  0.8400E+12    8.39   2.11  -1  -1  -117.25     1  4   0.0  0   0.0  0
       0.1         0.1         0.1         0.1
 -73.60353   -14.50041   112.584  207.00  53.00  0.8400E+12    7.65   2.11  -1  -1  -117.23     1  4   0.0  0   0.0  0
       0.2         0.1         0.1         0.1
 -73.63301   -14.55639   112.584  207.00  53.00  0.8400E+12    4.46   2.11  -1  -1  -117.60     1  4   0.0  0   0.0  0
       0.3         0.1         0.1         0.1
 -73.66249   -14.61237   112.584  207.00  53.00  0.8400E+12    4.67   2.11  -1  -1   -85.24     1  4   0.0  0   0.0  0
       0.1         0.1         0.1         0.1
 -73.69197   -14.66835   112.584  207.00  53.00  0.8400E+12    5.86   2.11  -1  -1   -74.32     1  4   0.0  0   0.0  0
       0.2         0.1         0.1         0.1
 -73.72145   -14.72433   112.584  207.00  53.00  0.8400E+12    7.17   2.11  -1  -1   -40.03     1  4   0.0  0   0.0  0
       0.1         0.1         0.1         0.1
 -73.75093   -14.78031   112.584  207.00  53.00  0.8400E+12    6.91   2.11  -1  -1  -124.00     0  4   0.0  0   0.0  0
       0.0         0.0         0.0         0.0
 -73.78042   -14.83630   112.584  207.00  53.00  0.8400E+12    8.70   2.11  -1  -1  -124.00     0  4   0.0  0   0.0  0
       0.0         0.0         0.0         0.0
 -73.80990   -14.89228   112.584  207.00  53.00  0.8400E+12   10.57   2.11  -1  -1  -124.00     0  4   0.0  0   0.0  0
       0.0         0.0         0.0         0.0
 -73.45539   -14.36190   103.000  207.00  53.00  0.8400E+12   10.00   2.11  -1  -1  -124.00     0  4   0.0  0   0.0  0
       0.0         0.0         0.0         0.0
 -73.48487   -14.41788   103.000  207.00  53.00  0.8400E+12    8.00   2.11  -1  -1  -124.00     0  4   0.0  0   0.0  0
       0.0         0.0         0.0         0.0
 -73.51436   -14.47386   103.000  207.00  53.00  0.8400E+12   10.12   2.11  -1  -1  -111.49     2  4   0.0  0   0.0  0
       0.2         0.3         0.2         0.2
 -73.54384   -14.52984   103.000  207.00  53.00  0.8400E+12    4.46   2.11  -1  -1   -90.10     1  4   0.0  0   0.0  0
       0.1         0.2         0.1         0.1
 -73.57332   -14.58582   103.000  207.00  53.00  0.8400E+12    2.09   2.11  -1  -1   -94.74    10  4   0.0  0   0.0  0
       4.5         0.1         0.1         0.1
 -73.57478   -14.30304   122.167  207.00  53.00  0.8400E+12   10.67   2.11  -1  -1  -124.00     0  4   0.0  0   0.0  0
       0.0         0.0         0.0         0.0
 -73.63228   -14.69778   103.000  207.00  53.00  0.8400E+12    2.26   2.11  -1  -1   -49.88    11  4   0.0  0   0.0  0
       4.6         0.1         0.1         0.1
 -73.66176   -14.75376   103.000  207.00  53.00  0.8400E+12    4.49   2.11  -1  -1   -38.82     1  4   0.0  0   0.0  0
       0.2         0.1         0.2         0.2
 -73.69124   -14.80974   103.000  207.00  53.00  0.8400E+12    6.00   2.11  -1  -1  -124.00     0  4   0.0  0   0.0  0
       0.0         0.0         0.0         0.0
 -73.72073   -14.86572   103.000  207.00  53.00  0.8400E+12    8.00   2.11  -1  -1  -124.00     0  4   0.0  0   0.0  0
       0.0         0.0         0.0         0.0
 -73.75021   -14.92170   103.000  207.00  53.00  0.8400E+12   10.00   2.11  -1  -1  -124.00     0  4   0.0  0   0.0  0
       0.0         0.0         0.0         0.0
 -73.39570   -14.39132    93.416  207.00  53.00  0.8400E+12   10.57   2.11  -1  -1  -124.00     0  4   0.0  0   0.0  0
       0.0         0.0         0.0         0.0
 -73.42518   -14.44730    93.416  207.00  53.00  0.8400E+12    8.70   2.11  -1  -1  -124.00     0  4   0.0  0   0.0  0
       0.0         0.0         0.0         0.0
 -73.45467   -14.50329    93.416  207.00  53.00  0.8400E+12   10.04   2.11  -1  -1  -123.92    51  4   0.0  0   0.0  0
       0.1         5.5         5.4        13.4
 -73.48415   -14.55927    93.416  207.00  53.00  0.8400E+12   10.31   2.11  -1  -1   -77.61    14  4   0.0  0   0.0  0
       0.7         0.9         0.2         4.7
 -73.51363   -14.61525    93.416  207.00  53.00  0.8400E+12   10.66   2.11  -1  -1   -88.92    11  4   0.0  0   0.0  0
       0.6         0.2         0.7         3.7
 -73.54311   -14.67123    93.416  207.00  53.00  0.8400E+12    3.80   2.11  -1  -1   -43.84     8  4   0.0  0   0.0  0
       0.1         0.8         1.6         1.2
 -73.57259   -14.72721    93.416  207.00  53.00  0.8400E+12    4.88   2.11  -1  -1   -35.05     9  4   0.0  0   0.0  0
       0.2         1.8         1.5         1.0
 -73.60207   -14.78319    93.416  207.00  53.00  0.8400E+12    5.83   2.11  -1  -1   -35.19     3  4   0.0  0   0.0  0
       0.2         0.2         0.5         0.8
 -73.63155   -14.83917    93.416  207.00  53.00  0.8400E+12    6.91   2.11  -1  -1  -124.00     0  4   0.0  0   0.0  0
       0.0         0.0         0.0         0.0
 -73.66103   -14.89515    93.416  207.00  53.00  0.8400E+12    8.70   2.11  -1  -1  -124.00     0  4   0.0  0   0.0  0
       0.0         0.0         0.0         0.0
 -73.69051   -14.95113    93.416  207.00  53.00  0.8400E+12   10.57   2.11  -1  -1  -124.00     0  4   0.0  0   0.0  0
       0.0         0.0         0.0         0.0
 -73.33601   -14.42075    83.833  207.00  53.00  0.8400E+12   10.67   2.11  -1  -1  -124.00     0  4   0.0  0   0.0  0
       0.0         0.0         0.0         0.0
 -73.36549   -14.47673    83.833  207.00  53.00  0.8400E+12   10.54   2.11  -1  -1  -124.00     0  4   0.0  0   0.0  0
       0.0         0.0         0.0         0.0
 -73.39497   -14.53271    83.833  207.00  53.00  0.8400E+12   10.07   2.11  -1  -1   -82.72    11  4   0.0  0   0.0  0
       0.1         0.9         1.7         2.5
 -73.42445   -14.58869    83.833  207.00  53.00  0.8400E+12    9.81   2.11  -1  -1   -46.14    12  4   0.0  0   0.0  0
       0.7         2.0         2.5         0.6
 -73.45393   -14.64467    83.833  207.00  53.00  0.8400E+12    9.88   2.11  -1  -1   -38.06     8  4   0.0  0   0.0  0
       0.1         1.4         1.4         0.7
 -73.48341   -14.70065    83.833  207.00  53.00  0.8400E+12   10.32   2.11  -1  -1   -34.24    15  4   0.0  0   0.0  0
       0.1         4.3         2.1         0.5
 -73.51289   -14.75664    83.833  207.00  53.00  0.8400E+12    8.36   2.11  -1  -1   -34.39     3  4   0.0  0   0.0  0
       0.2         0.1         0.8         0.4
 -73.54237   -14.81262    83.833  207.00  53.00  0.8400E+12    9.89   2.11  -1  -1   -34.44     2  4   0.0  0   0.0  0
       0.1         0.4         0.2         0.4
 -73.57185   -14.86860    83.833  207.00  53.00  0.8400E+12    9.11   2.11  -1  -1  -124.00     0  4   0.0  0   0.0  0
       0.0         0.0         0.0         0.0
 -73.60133   -14.92458    83.833  207.00  53.00  0.8400E+12   10.54   2.11  -1  -1  -124.00     0  4   0.0  0   0.0  0
       0.0         0.0         0.0         0.0
 -73.63082   -14.98056    83.833  207.00  53.00  0.8400E+12   10.67   2.11  -1  -1  -124.00     0  4   0.0  0   0.0  0
       0.0         0.0         0.0         0.0
