 RECTANGULAR fault MODEL

All subfaults are   7.0 km long along strike and
 13.0 km wide along dip

Model length along strike is   63.0 km

Model width along dip is   65.0 km

 Corners of the rectangular dislocation model (lat, lon):
    52.908  -171.804 : corner 1
    52.790  -170.886 : corner 2
    52.632  -170.941 : corner 3
    52.750  -171.859 : corner 4


 Number of elementary moment rate
 isoceles triangular functions
 per subfault:            4

 Half duration of elementary moment rate
 isoceles triangular functions (s):    1.80999994    

 seismic moment rate unit: dyne.cm
 (1 dyne.cm = 10E-7 N.m)


 Seismic moment is converted into slip
 using a single constant value for the
shear modulus mu of  0.250E+12 dyne/cm2
 assumed to be constant and characteristic
 of the fault shear zone


 "Lat, lon, depth" below are the coord                          in degrees of the subfaults centers

 "rake" (degrees) is the slip angle (Aki"s convention,
 e.g. rake=+45 means left-lateral-reverse movement.

 "ontime" is the rupture onset time in seconds of the subfault.

 amp1, amp2, amp3 and amp4 are the amplitudes
 of the isoceles triangular functions representing
 the moment rate function. Triangles are
 overlapping each other by half

 ************************************************
 Total seismic moment M0=    2.94570153E+25  dyne.cm
 ************************************************

 ================================================

      Lat     Lon      depth(km) strike    dip    rake  ontime       slip(cm)  amp1(dyne.cm/s) amp2(dyne.cm/s) amp3(dyne.cm/s)         	amp4(dyne.cm/s)       M0_subf

    52.802  -171.361   110.000   102.0    74.0  -136.6   0.0         57      0.439680E+25      0.271100E+25      0.197310E+23      0.123910E+23         0.129233E+26 : hypocenter
    52.746  -171.701   147.489   102.0    74.0  -171.0   9.1          0      0.103830E+21      0.103830E+21      0.103830E+21      0.103830E+21         0.751729E+21
    52.733  -171.599   147.489   102.0    74.0  -105.8   9.1          4      0.165270E+23      0.133730E+23      0.261080E+23      0.457060E+24         0.928653E+24
    52.720  -171.497   147.489   102.0    74.0  -105.4   9.1          1      0.172610E+23      0.171710E+23      0.170880E+23      0.929370E+23         0.261467E+24
    52.707  -171.395   147.489   102.0    74.0  -112.4   9.1          1      0.143240E+23      0.177810E+23      0.245220E+23      0.396550E+23         0.174270E+24
    52.694  -171.293   147.489   102.0    74.0  -138.2   9.1          1      0.138120E+23      0.170860E+23      0.227200E+23      0.251370E+23         0.142547E+24
    52.681  -171.191   147.489   102.0    74.0  -142.3   9.1          1      0.166020E+23      0.157050E+23      0.396890E+23      0.467770E+23         0.214979E+24
    52.668  -171.089   147.489   102.0    74.0  -147.5   9.1          7      0.145610E+23      0.203220E+23      0.470420E+23      0.782460E+24         0.156454E+25
    52.655  -170.987   147.489   102.0    74.0  -171.0   9.1          0      0.103830E+21      0.103830E+21      0.103830E+21      0.103830E+21         0.751729E+21
    52.791  -171.792   134.993   102.0    74.0  -171.0   9.1          0      0.103830E+21      0.103830E+21      0.103830E+21      0.103830E+21         0.751729E+21
    52.778  -171.690   134.993   102.0    74.0  -171.0   9.1          0      0.103830E+21      0.103830E+21      0.103830E+21      0.103830E+21         0.751729E+21
    52.765  -171.588   134.993   102.0    74.0  -119.3   8.8          1      0.145280E+23      0.134230E+23      0.278530E+23      0.163640E+23         0.130624E+24
    52.752  -171.486   134.993   102.0    74.0  -131.5   8.1          1      0.126570E+23      0.187490E+23      0.140100E+23      0.174470E+23         0.113782E+24
    52.739  -171.384   134.993   102.0    74.0  -112.3   8.3          1      0.158300E+23      0.260060E+23      0.212830E+23      0.208800E+23         0.152038E+24
    52.725  -171.282   134.993   102.0    74.0  -119.4   9.1          1      0.175890E+23      0.165480E+23      0.185770E+23      0.296470E+23         0.149073E+24
    52.712  -171.180   134.993   102.0    74.0   -90.3   9.0          1      0.154530E+23      0.242200E+23      0.139950E+23      0.364400E+23         0.163095E+24
    52.699  -171.078   134.993   102.0    74.0  -126.2   9.1          1      0.146720E+23      0.195470E+23      0.132170E+23      0.104590E+24         0.275167E+24
    52.686  -170.976   134.993   102.0    74.0  -171.0   9.1          0      0.103830E+21      0.103830E+21      0.103830E+21      0.103830E+21         0.751729E+21
    52.823  -171.781   122.496   102.0    74.0  -171.0   8.8          0      0.103830E+21      0.103830E+21      0.103830E+21      0.103830E+21         0.751729E+21
    52.809  -171.679   122.496   102.0    74.0  -171.0   7.1          0      0.103830E+21      0.103830E+21      0.103830E+21      0.103830E+21         0.751729E+21
    52.796  -171.577   122.496   102.0    74.0   -90.0   8.3          0      0.158710E+23      0.149660E+23      0.135500E+23      0.126880E+23         0.103306E+24
    52.783  -171.475   122.496   102.0    74.0   -84.0   9.0          1      0.173150E+23      0.153450E+23      0.120980E+23      0.200070E+23         0.117225E+24
    52.770  -171.372   122.496   102.0    74.0   -82.6   8.7          1      0.141870E+23      0.158190E+23      0.211290E+23      0.153360E+23         0.120313E+24
    52.757  -171.270   122.496   102.0    74.0  -115.1   8.6          0      0.150330E+23      0.160960E+23      0.182100E+23      0.129160E+23         0.112682E+24
    52.744  -171.168   122.496   102.0    74.0   -84.4   9.0          1      0.118570E+23      0.129890E+23      0.116490E+24      0.370780E+23         0.322929E+24
    52.731  -171.066   122.496   102.0    74.0   -98.3   8.9          1      0.142780E+23      0.173130E+23      0.313820E+23      0.952340E+23         0.286355E+24
    52.718  -170.964   122.496   102.0    74.0  -171.0   8.8          0      0.103830E+21      0.103830E+21      0.103830E+21      0.103830E+21         0.751729E+21
    52.854  -171.769   110.000   102.0    74.0  -171.0   8.0          0      0.103830E+21      0.103830E+21      0.103830E+21      0.103830E+21         0.751729E+21
    52.841  -171.667   110.000   102.0    74.0  -171.0   6.0          0      0.103830E+21      0.103830E+21      0.103830E+21      0.103830E+21         0.751729E+21
    52.828  -171.565   110.000   102.0    74.0   -95.7   8.6          1      0.154620E+23      0.158270E+23      0.144950E+23      0.191970E+23         0.117616E+24
    52.815  -171.463   110.000   102.0    74.0  -104.7   2.0          7      0.809120E+24      0.140350E+23      0.167210E+23      0.175190E+23         0.155188E+25
    52.759  -171.803   147.489   102.0    74.0  -171.0   9.1          0      0.103830E+21      0.103830E+21      0.103830E+21      0.103830E+21         0.751729E+21
    52.789  -171.259   110.000   102.0    74.0  -113.0   3.0         16      0.193150E+25      0.209640E+23      0.123170E+23      0.141490E+23         0.358186E+25
    52.775  -171.157   110.000   102.0    74.0   -97.8   5.0         12      0.130480E+25      0.165120E+23      0.150180E+23      0.146400E+24         0.268374E+25
    52.762  -171.055   110.000   102.0    74.0   -82.2   8.2          2      0.621690E+23      0.175960E+23      0.179240E+23      0.102200E+24         0.361799E+24
    52.749  -170.953   110.000   102.0    74.0  -171.0   8.0          0      0.103830E+21      0.103830E+21      0.103830E+21      0.103830E+21         0.751729E+21
    52.886  -171.758    97.504   102.0    74.0  -171.0   8.8          0      0.103830E+21      0.103830E+21      0.103830E+21      0.103830E+21         0.751729E+21
    52.873  -171.656    97.504   102.0    74.0  -171.0   7.1          0      0.103830E+21      0.103830E+21      0.103830E+21      0.103830E+21         0.751729E+21
    52.859  -171.554    97.504   102.0    74.0   -82.5   9.0          1      0.163550E+23      0.167730E+23      0.177680E+23      0.226570E+23         0.133131E+24
    52.846  -171.452    97.504   102.0    74.0   -81.5   8.9          1      0.151790E+23      0.134880E+23      0.144130E+23      0.264200E+23         0.125795E+24
    52.833  -171.350    97.504   102.0    74.0   -88.8   4.1          3      0.304040E+24      0.132970E+23      0.149230E+23      0.188390E+23         0.635489E+24
    52.820  -171.248    97.504   102.0    74.0  -117.1   4.4          2      0.163950E+24      0.249270E+23      0.205950E+23      0.177520E+23         0.411275E+24
    52.807  -171.146    97.504   102.0    74.0  -101.1   5.7          4      0.426250E+24      0.180750E+23      0.143540E+23      0.157170E+23         0.858657E+24
    52.794  -171.044    97.504   102.0    74.0   -86.3   7.2          3      0.352600E+24      0.220210E+23      0.144570E+23      0.132410E+23         0.728197E+24
    52.781  -170.942    97.504   102.0    74.0  -171.0   8.8          0      0.103830E+21      0.103830E+21      0.103830E+21      0.103830E+21         0.751729E+21
