2.0
#
# http://equake-rc.info/static/paper/SRF-Description-Graves_2.0.pdf
# RECTANGULAR fault MODEL
#
# All subfaults are   7.0 km long along strike and
#  13.0 km wide along dip
#
# Model length along strike is   63.0 km
#
# Model width along dip is   65.0 km
#
# Corners of the rectangular dislocation model (lat, lon):
#     52.908  -171.804 : corner 1
#     52.790  -170.886 : corner 2
#     52.632  -170.941 : corner 3
#     52.750  -171.859 : corner 4
#
#
# Number of elementary sliprate
# isoceles triangular functions
# per subfault:   4
#
# Half duration of elementary sliprate
# isoceles triangular functions (s):   1.81
# Triangles are overlapping each other by half
#
# slip rate unit: cm/s
#
#
# Seismic moment is converted into slip
# using a single constant value for the
# shear modulus mu of  0.250E+12 dyne/cm2
# assumed to be constant and characteristic
# of the fault shear zone
#
#
#
# "rake" (degrees) is the slip angle (Aki"s convention,
# e.g. rake=+45 means left-lateral-reverse movement.
#
#
# ************************************************
# Total seismic moment M0=  0.295E+26 dyne.cm
# ************************************************
#
#
PLANE 1
-171.34500    52.84900    9    5    63.000    65.000
102.00  74.00    91.256     0.000    19.500
POINTS   45
-171.36140    52.80170   110.000  102.00  74.00  0.9100E+12    0.00   1.81  -1  -1  -136.60    57  4   0.0  0   0.0  0
      19.3        11.9         0.1         0.1
-171.70076    52.74631   147.489  102.00  74.00  0.9100E+12    9.14   1.81  -1  -1  -171.00     0  4   0.0  0   0.0  0
       0.0         0.0         0.0         0.0
-171.59874    52.73320   147.489  102.00  74.00  0.9100E+12    9.14   1.81  -1  -1  -105.85     4  4   0.0  0   0.0  0
       0.1         0.1         0.1         2.0
-171.49672    52.72009   147.489  102.00  74.00  0.9100E+12    9.14   1.81  -1  -1  -105.42     1  4   0.0  0   0.0  0
       0.1         0.1         0.1         0.4
-171.39470    52.70698   147.489  102.00  74.00  0.9100E+12    9.14   1.81  -1  -1  -112.41     1  4   0.0  0   0.0  0
       0.1         0.1         0.1         0.2
-171.29268    52.69387   147.489  102.00  74.00  0.9100E+12    9.14   1.81  -1  -1  -138.17     1  4   0.0  0   0.0  0
       0.1         0.1         0.1         0.1
-171.19066    52.68076   147.489  102.00  74.00  0.9100E+12    9.14   1.81  -1  -1  -142.28     1  4   0.0  0   0.0  0
       0.1         0.1         0.2         0.2
-171.08865    52.66765   147.489  102.00  74.00  0.9100E+12    9.14   1.81  -1  -1  -147.53     7  4   0.0  0   0.0  0
       0.1         0.1         0.2         3.4
-170.98663    52.65454   147.489  102.00  74.00  0.9100E+12    9.14   1.81  -1  -1  -171.00     0  4   0.0  0   0.0  0
       0.0         0.0         0.0         0.0
-171.79169    52.79100   134.993  102.00  74.00  0.9100E+12    9.14   1.81  -1  -1  -171.00     0  4   0.0  0   0.0  0
       0.0         0.0         0.0         0.0
-171.68967    52.77789   134.993  102.00  74.00  0.9100E+12    9.14   1.81  -1  -1  -171.00     0  4   0.0  0   0.0  0
       0.0         0.0         0.0         0.0
-171.58765    52.76477   134.993  102.00  74.00  0.9100E+12    8.78   1.81  -1  -1  -119.34     1  4   0.0  0   0.0  0
       0.1         0.1         0.1         0.1
-171.48563    52.75166   134.993  102.00  74.00  0.9100E+12    8.15   1.81  -1  -1  -131.46     1  4   0.0  0   0.0  0
       0.1         0.1         0.1         0.1
-171.38361    52.73856   134.993  102.00  74.00  0.9100E+12    8.34   1.81  -1  -1  -112.29     1  4   0.0  0   0.0  0
       0.1         0.1         0.1         0.1
-171.28159    52.72544   134.993  102.00  74.00  0.9100E+12    9.13   1.81  -1  -1  -119.38     1  4   0.0  0   0.0  0
       0.1         0.1         0.1         0.1
-171.17957    52.71233   134.993  102.00  74.00  0.9100E+12    9.04   1.81  -1  -1   -90.31     1  4   0.0  0   0.0  0
       0.1         0.1         0.1         0.2
-171.07755    52.69922   134.993  102.00  74.00  0.9100E+12    9.14   1.81  -1  -1  -126.25     1  4   0.0  0   0.0  0
       0.1         0.1         0.1         0.5
-170.97552    52.68611   134.993  102.00  74.00  0.9100E+12    9.14   1.81  -1  -1  -171.00     0  4   0.0  0   0.0  0
       0.0         0.0         0.0         0.0
-171.78058    52.82257   122.496  102.00  74.00  0.9100E+12    8.82   1.81  -1  -1  -171.00     0  4   0.0  0   0.0  0
       0.0         0.0         0.0         0.0
-171.67856    52.80946   122.496  102.00  74.00  0.9100E+12    7.06   1.81  -1  -1  -171.00     0  4   0.0  0   0.0  0
       0.0         0.0         0.0         0.0
-171.57654    52.79635   122.496  102.00  74.00  0.9100E+12    8.32   1.81  -1  -1   -90.03     0  4   0.0  0   0.0  0
       0.1         0.1         0.1         0.1
-171.47452    52.78324   122.496  102.00  74.00  0.9100E+12    9.03   1.81  -1  -1   -84.03     1  4   0.0  0   0.0  0
       0.1         0.1         0.1         0.1
-171.37250    52.77013   122.496  102.00  74.00  0.9100E+12    8.73   1.81  -1  -1   -82.62     1  4   0.0  0   0.0  0
       0.1         0.1         0.1         0.1
-171.27049    52.75702   122.496  102.00  74.00  0.9100E+12    8.61   1.81  -1  -1  -115.14     0  4   0.0  0   0.0  0
       0.1         0.1         0.1         0.1
-171.16847    52.74391   122.496  102.00  74.00  0.9100E+12    8.95   1.81  -1  -1   -84.42     1  4   0.0  0   0.0  0
       0.1         0.1         0.5         0.2
-171.06645    52.73080   122.496  102.00  74.00  0.9100E+12    8.94   1.81  -1  -1   -98.29     1  4   0.0  0   0.0  0
       0.1         0.1         0.1         0.4
-170.96443    52.71769   122.496  102.00  74.00  0.9100E+12    8.82   1.81  -1  -1  -171.00     0  4   0.0  0   0.0  0
       0.0         0.0         0.0         0.0
-171.76949    52.85414   110.000  102.00  74.00  0.9100E+12    8.00   1.81  -1  -1  -171.00     0  4   0.0  0   0.0  0
       0.0         0.0         0.0         0.0
-171.66747    52.84103   110.000  102.00  74.00  0.9100E+12    6.00   1.81  -1  -1  -171.00     0  4   0.0  0   0.0  0
       0.0         0.0         0.0         0.0
-171.56544    52.82792   110.000  102.00  74.00  0.9100E+12    8.62   1.81  -1  -1   -95.74     1  4   0.0  0   0.0  0
       0.1         0.1         0.1         0.1
-171.46342    52.81481   110.000  102.00  74.00  0.9100E+12    2.03   1.81  -1  -1  -104.68     7  4   0.0  0   0.0  0
       3.6         0.1         0.1         0.1
-171.80278    52.75942   147.489  102.00  74.00  0.9100E+12    9.14   1.81  -1  -1  -171.00     0  4   0.0  0   0.0  0
       0.0         0.0         0.0         0.0
-171.25938    52.78859   110.000  102.00  74.00  0.9100E+12    3.00   1.81  -1  -1  -112.97    16  4   0.0  0   0.0  0
       8.5         0.1         0.1         0.1
-171.15736    52.77548   110.000  102.00  74.00  0.9100E+12    4.95   1.81  -1  -1   -97.79    12  4   0.0  0   0.0  0
       5.7         0.1         0.1         0.6
-171.05534    52.76237   110.000  102.00  74.00  0.9100E+12    8.24   1.81  -1  -1   -82.18     2  4   0.0  0   0.0  0
       0.3         0.1         0.1         0.4
-170.95332    52.74926   110.000  102.00  74.00  0.9100E+12    8.00   1.81  -1  -1  -171.00     0  4   0.0  0   0.0  0
       0.0         0.0         0.0         0.0
-171.75838    52.88572    97.504  102.00  74.00  0.9100E+12    8.82   1.81  -1  -1  -171.00     0  4   0.0  0   0.0  0
       0.0         0.0         0.0         0.0
-171.65636    52.87260    97.504  102.00  74.00  0.9100E+12    7.06   1.81  -1  -1  -171.00     0  4   0.0  0   0.0  0
       0.0         0.0         0.0         0.0
-171.55434    52.85949    97.504  102.00  74.00  0.9100E+12    8.99   1.81  -1  -1   -82.54     1  4   0.0  0   0.0  0
       0.1         0.1         0.1         0.1
-171.45232    52.84638    97.504  102.00  74.00  0.9100E+12    8.85   1.81  -1  -1   -81.49     1  4   0.0  0   0.0  0
       0.1         0.1         0.1         0.1
-171.35031    52.83327    97.504  102.00  74.00  0.9100E+12    4.07   1.81  -1  -1   -88.81     3  4   0.0  0   0.0  0
       1.3         0.1         0.1         0.1
-171.24829    52.82016    97.504  102.00  74.00  0.9100E+12    4.37   1.81  -1  -1  -117.12     2  4   0.0  0   0.0  0
       0.7         0.1         0.1         0.1
-171.14627    52.80705    97.504  102.00  74.00  0.9100E+12    5.65   1.81  -1  -1  -101.06     4  4   0.0  0   0.0  0
       1.9         0.1         0.1         0.1
-171.04425    52.79394    97.504  102.00  74.00  0.9100E+12    7.22   1.81  -1  -1   -86.33     3  4   0.0  0   0.0  0
       1.5         0.1         0.1         0.1
-170.94223    52.78083    97.504  102.00  74.00  0.9100E+12    8.82   1.81  -1  -1  -171.00     0  4   0.0  0   0.0  0
       0.0         0.0         0.0         0.0
